id,target
22562,0
22563,0
22564,0
22565,0
22566,0
22567,0
22568,0
22569,0
22570,0
22571,0
22572,0
22573,1
22574,0
22575,0
22576,0
22577,0
22578,0
22579,0
22580,1
22581,0
22582,0
22583,0
22584,1
22585,0
22586,0
22587,0
22588,0
22589,0
22590,0
22591,0
22592,0
22593,0
22594,0
22595,0
22596,0
22597,0
22598,1
22599,1
22600,0
22601,0
22602,0
22603,0
22604,0
22605,0
22606,0
22607,0
22608,0
22609,0
22610,0
22611,1
22612,0
22613,0
22614,0
22615,0
22616,0
22617,0
22618,0
22619,0
22620,0
22621,0
22622,1
22623,1
22624,0
22625,0
22626,0
22627,0
22628,0
22629,0
22630,0
22631,0
22632,0
22633,1
22634,0
22635,0
22636,0
22637,0
22638,0
22639,0
22640,0
22641,0
22642,0
22643,1
22644,1
22645,0
22646,1
22647,0
22648,0
22649,0
22650,1
22651,0
22652,0
22653,1
22654,1
22655,0
22656,0
22657,0
22658,0
22659,0
22660,1
22661,0
22662,0
22663,0
22664,0
22665,0
22666,0
22667,1
22668,0
22669,0
22670,0
22671,0
22672,0
22673,0
22674,0
22675,0
22676,1
22677,0
22678,0
22679,1
22680,0
22681,0
22682,0
22683,0
22684,1
22685,0
22686,0
22687,0
22688,0
22689,0
22690,0
22691,1
22692,0
22693,1
22694,0
22695,0
22696,0
22697,0
22698,0
22699,0
22700,0
22701,0
22702,0
22703,0
22704,0
22705,1
22706,0
22707,0
22708,0
22709,0
22710,1
22711,0
22712,0
22713,1
22714,0
22715,0
22716,0
22717,0
22718,0
22719,1
22720,0
22721,0
22722,0
22723,0
22724,0
22725,0
22726,0
22727,0
22728,0
22729,0
22730,0
22731,0
22732,0
22733,0
22734,0
22735,0
22736,0
22737,0
22738,0
22739,0
22740,0
22741,0
22742,1
22743,0
22744,0
22745,0
22746,0
22747,0
22748,0
22749,0
22750,0
22751,0
22752,0
22753,1
22754,1
22755,0
22756,0
22757,0
22758,0
22759,0
22760,0
22761,1
22762,0
22763,0
22764,0
22765,1
22766,0
22767,0
22768,1
22769,0
22770,0
22771,0
22772,0
22773,0
22774,0
22775,0
22776,0
22777,1
22778,0
22779,1
22780,0
22781,0
22782,0
22783,0
22784,0
22785,0
22786,0
22787,0
22788,0
22789,1
22790,1
22791,0
22792,0
22793,0
22794,0
22795,1
22796,0
22797,0
22798,1
22799,0
22800,0
22801,0
22802,0
22803,1
22804,0
22805,0
22806,1
22807,0
22808,1
22809,0
22810,0
22811,0
22812,1
22813,0
22814,0
22815,0
22816,0
22817,1
22818,0
22819,1
22820,0
22821,0
22822,0
22823,1
22824,0
22825,0
22826,0
22827,0
22828,0
22829,0
22830,0
22831,0
22832,0
22833,0
22834,0
22835,1
22836,0
22837,0
22838,0
22839,0
22840,0
22841,1
22842,0
22843,0
22844,0
22845,0
22846,0
22847,0
22848,1
22849,0
22850,0
22851,0
22852,0
22853,1
22854,0
22855,0
22856,1
22857,1
22858,0
22859,0
22860,0
22861,0
22862,1
22863,0
22864,0
22865,0
22866,0
22867,0
22868,0
22869,0
22870,0
22871,0
22872,0
22873,0
22874,0
22875,0
22876,0
22877,0
22878,0
22879,0
22880,1
22881,0
22882,1
22883,0
22884,0
22885,0
22886,0
22887,0
22888,0
22889,0
22890,1
22891,0
22892,0
22893,0
22894,0
22895,0
22896,1
22897,0
22898,0
22899,0
22900,0
22901,1
22902,0
22903,0
22904,0
22905,0
22906,0
22907,0
22908,0
22909,1
22910,0
22911,0
22912,0
22913,0
22914,0
22915,1
22916,0
22917,0
22918,0
22919,0
22920,0
22921,0
22922,0
22923,0
22924,1
22925,0
22926,0
22927,0
22928,1
22929,0
22930,1
22931,0
22932,0
22933,0
22934,0
22935,0
22936,0
22937,0
22938,1
22939,0
22940,0
22941,0
22942,0
22943,0
22944,0
22945,0
22946,0
22947,0
22948,0
22949,0
22950,0
22951,1
22952,0
22953,1
22954,0
22955,0
22956,0
22957,0
22958,0
22959,0
22960,0
22961,0
22962,0
22963,0
22964,1
22965,1
22966,0
22967,0
22968,0
22969,0
22970,0
22971,0
22972,0
22973,0
22974,0
22975,1
22976,0
22977,0
22978,0
22979,0
22980,1
22981,1
22982,0
22983,1
22984,0
22985,0
22986,0
22987,1
22988,0
22989,0
22990,0
22991,0
22992,0
22993,1
22994,1
22995,0
22996,0
22997,0
22998,0
22999,1
23000,0
23001,0
23002,0
23003,0
23004,0
23005,0
23006,0
23007,0
23008,0
23009,0
23010,0
23011,0
23012,0
23013,0
23014,0
23015,0
23016,0
23017,0
23018,1
23019,1
23020,0
23021,0
23022,0
23023,0
23024,0
23025,1
23026,1
23027,1
23028,0
23029,0
23030,0
23031,0
23032,0
23033,0
23034,0
23035,0
23036,1
23037,0
23038,0
23039,0
23040,1
23041,0
23042,1
23043,0
23044,0
23045,0
23046,1
23047,0
23048,0
23049,0
23050,0
23051,0
23052,0
23053,0
23054,0
23055,0
23056,0
23057,0
23058,0
23059,0
23060,1
23061,0
23062,0
23063,0
23064,0
23065,1
23066,0
23067,0
23068,0
23069,1
23070,0
23071,0
23072,0
23073,0
23074,0
23075,1
23076,0
23077,0
23078,0
23079,0
23080,0
23081,0
23082,0
23083,0
23084,0
23085,0
23086,0
23087,0
23088,0
23089,0
23090,0
23091,0
23092,0
23093,0
23094,1
23095,0
23096,0
23097,1
23098,0
23099,0
23100,0
23101,0
23102,0
23103,1
23104,0
23105,0
23106,0
23107,0
23108,0
23109,0
23110,0
23111,1
23112,0
23113,0
23114,0
23115,1
23116,0
23117,1
23118,0
23119,0
23120,1
23121,0
23122,0
23123,0
23124,0
23125,0
23126,0
23127,1
23128,0
23129,0
23130,0
23131,0
23132,0
23133,1
23134,1
23135,0
23136,0
23137,0
23138,0
23139,0
23140,0
23141,0
23142,0
23143,0
23144,0
23145,0
23146,0
23147,1
23148,1
23149,0
23150,1
23151,0
23152,0
23153,0
23154,1
23155,0
23156,0
23157,1
23158,0
23159,0
23160,0
23161,0
23162,0
23163,0
23164,0
23165,1
23166,0
23167,0
23168,0
23169,0
23170,0
23171,0
23172,0
23173,1
23174,0
23175,0
23176,0
23177,0
23178,0
23179,0
23180,0
23181,0
23182,0
23183,0
23184,0
23185,1
23186,0
23187,0
23188,1
23189,1
23190,0
23191,0
23192,0
23193,0
23194,1
23195,0
23196,0
23197,0
23198,0
23199,1
23200,0
23201,0
23202,0
23203,0
23204,0
23205,0
23206,0
23207,0
23208,0
23209,0
23210,0
23211,0
23212,1
23213,0
23214,0
23215,0
23216,0
23217,0
23218,0
23219,0
23220,0
23221,0
23222,1
23223,0
23224,0
23225,0
23226,0
23227,0
23228,0
23229,0
23230,0
23231,0
23232,0
23233,0
23234,0
23235,0
23236,1
23237,0
23238,0
23239,0
23240,0
23241,1
23242,0
23243,0
23244,0
23245,0
23246,0
23247,0
23248,0
23249,0
23250,0
23251,0
23252,0
23253,0
23254,0
23255,0
23256,0
23257,0
23258,0
23259,0
23260,0
23261,0
23262,0
23263,1
23264,0
23265,1
23266,0
23267,0
23268,0
23269,0
23270,0
23271,0
23272,1
23273,0
23274,1
23275,1
23276,0
23277,0
23278,1
23279,0
23280,0
23281,0
23282,0
23283,0
23284,0
23285,1
23286,0
23287,0
23288,1
23289,0
23290,0
23291,0
23292,0
23293,0
23294,0
23295,0
23296,0
23297,0
23298,0
23299,0
23300,0
23301,1
23302,0
23303,0
23304,0
23305,0
23306,0
23307,1
23308,0
23309,0
23310,0
23311,0
23312,0
23313,0
23314,0
23315,0
23316,0
23317,0
23318,0
23319,0
23320,1
23321,0
23322,1
23323,1
23324,0
23325,0
23326,0
23327,1
23328,0
23329,0
23330,0
23331,0
23332,0
23333,0
23334,0
23335,0
23336,1
23337,0
23338,1
23339,0
23340,0
23341,1
23342,0
23343,0
23344,0
23345,0
23346,0
23347,1
23348,0
23349,1
23350,0
23351,1
23352,0
23353,0
23354,0
23355,0
23356,0
23357,0
23358,0
23359,0
23360,0
23361,0
23362,0
23363,1
23364,0
23365,1
23366,0
23367,0
23368,1
23369,0
23370,0
23371,0
23372,0
23373,0
23374,0
23375,0
23376,0
23377,0
23378,0
23379,0
23380,0
23381,0
23382,0
23383,0
23384,1
23385,0
23386,0
23387,0
23388,1
23389,0
23390,0
23391,0
23392,0
23393,0
23394,0
23395,0
23396,0
23397,0
23398,1
23399,0
23400,0
23401,0
23402,0
23403,0
23404,0
23405,0
23406,0
23407,0
23408,0
23409,0
23410,0
23411,0
23412,0
23413,0
23414,0
23415,0
23416,0
23417,0
23418,0
23419,0
23420,0
23421,0
23422,0
23423,0
23424,1
23425,0
23426,0
23427,0
23428,0
23429,0
23430,0
23431,0
23432,0
23433,0
23434,0
23435,0
23436,0
23437,0
23438,0
23439,0
23440,0
23441,1
23442,0
23443,0
23444,0
23445,0
23446,0
23447,0
23448,1
23449,0
23450,0
23451,1
23452,0
23453,0
23454,1
23455,0
23456,0
23457,0
23458,0
23459,0
23460,0
23461,0
23462,0
23463,0
23464,1
23465,0
23466,0
23467,0
23468,0
23469,0
23470,0
23471,0
23472,0
23473,1
23474,1
23475,0
23476,0
23477,0
23478,1
23479,0
23480,0
23481,0
23482,0
23483,0
23484,0
23485,0
23486,0
23487,0
23488,1
23489,0
23490,0
23491,0
23492,1
23493,0
23494,0
23495,0
23496,0
23497,0
23498,0
23499,0
23500,0
23501,0
23502,0
23503,0
23504,0
23505,0
23506,0
23507,0
23508,0
23509,0
23510,0
23511,0
23512,0
23513,0
23514,0
23515,0
23516,0
23517,0
23518,0
23519,1
23520,0
23521,0
23522,0
23523,0
23524,0
23525,0
23526,1
23527,0
23528,0
23529,0
23530,0
23531,1
23532,0
23533,0
23534,0
23535,0
23536,0
23537,0
23538,1
23539,0
23540,0
23541,0
23542,0
23543,0
23544,0
23545,0
23546,0
23547,1
23548,0
23549,0
23550,0
23551,0
23552,0
23553,0
23554,0
23555,0
23556,1
23557,0
23558,0
23559,0
23560,0
23561,0
23562,0
23563,0
23564,0
23565,0
23566,0
23567,1
23568,0
23569,1
23570,0
23571,0
23572,0
23573,1
23574,0
23575,1
23576,0
23577,0
23578,1
23579,0
23580,0
23581,0
23582,0
23583,0
23584,0
23585,1
23586,0
23587,0
23588,1
23589,0
23590,0
23591,0
23592,0
23593,0
23594,0
23595,0
23596,0
23597,1
23598,1
23599,0
23600,0
23601,1
23602,0
23603,0
23604,0
23605,1
23606,1
23607,0
23608,0
23609,0
23610,1
23611,0
23612,0
23613,0
23614,0
23615,0
23616,0
23617,0
23618,1
23619,0
23620,0
23621,0
23622,1
23623,0
23624,0
23625,0
23626,0
23627,0
23628,0
23629,0
23630,0
23631,0
23632,1
23633,0
23634,0
23635,0
23636,0
23637,0
23638,0
23639,1
23640,0
23641,0
23642,0
23643,0
23644,0
23645,0
23646,1
23647,0
23648,0
23649,0
23650,1
23651,0
23652,0
23653,0
23654,0
23655,0
23656,0
23657,0
23658,1
23659,1
23660,0
23661,0
23662,0
23663,0
23664,0
23665,0
23666,0
23667,0
23668,0
23669,0
23670,1
23671,0
23672,0
23673,0
23674,0
23675,1
23676,0
23677,0
23678,0
23679,0
23680,1
23681,0
23682,1
23683,0
23684,0
23685,0
23686,0
23687,0
23688,0
23689,0
23690,0
23691,0
23692,0
23693,0
23694,0
23695,0
23696,0
23697,0
23698,0
23699,0
23700,0
23701,0
23702,0
23703,1
23704,0
23705,1
23706,0
23707,0
23708,1
23709,0
23710,0
23711,0
23712,0
23713,0
23714,0
23715,1
23716,0
23717,0
23718,0
23719,1
23720,1
23721,0
23722,0
23723,0
23724,1
23725,0
23726,0
23727,0
23728,0
23729,0
23730,0
23731,0
23732,0
23733,0
23734,0
23735,1
23736,0
23737,0
23738,0
23739,0
23740,0
23741,0
23742,0
23743,0
23744,0
23745,0
23746,0
23747,0
23748,1
23749,0
23750,0
23751,1
23752,0
23753,0
23754,0
23755,0
23756,0
23757,0
23758,1
23759,0
23760,0
23761,0
23762,0
23763,1
23764,0
23765,0
23766,0
23767,0
23768,0
23769,0
23770,1
23771,0
23772,0
23773,0
23774,0
23775,0
23776,0
23777,1
23778,1
23779,0
23780,1
23781,0
23782,0
23783,1
23784,1
23785,1
23786,0
23787,1
23788,0
23789,0
23790,0
23791,0
23792,0
23793,0
23794,0
23795,1
23796,0
23797,1
23798,0
23799,0
23800,0
23801,0
23802,0
23803,1
23804,0
23805,0
23806,0
23807,0
23808,0
23809,0
23810,0
23811,0
23812,0
23813,0
23814,0
23815,0
23816,0
23817,0
23818,0
23819,0
23820,0
23821,0
23822,0
23823,0
23824,0
23825,1
23826,0
23827,0
23828,0
23829,0
23830,0
23831,0
23832,0
23833,0
23834,0
23835,0
23836,0
23837,0
23838,0
23839,0
23840,0
23841,0
23842,0
23843,0
23844,0
23845,0
23846,1
23847,0
23848,0
23849,0
23850,0
23851,0
23852,1
23853,0
23854,0
23855,0
23856,0
23857,0
23858,0
23859,0
23860,0
23861,0
23862,1
23863,0
23864,1
23865,0
23866,0
23867,0
23868,0
23869,0
23870,0
23871,0
23872,1
23873,0
23874,0
23875,0
23876,0
23877,0
23878,0
23879,0
23880,0
23881,0
23882,0
23883,0
23884,1
23885,1
23886,0
23887,1
23888,0
23889,0
23890,0
23891,0
23892,0
23893,0
23894,0
23895,0
23896,0
23897,0
23898,0
23899,1
23900,0
23901,0
23902,0
23903,0
23904,0
23905,0
23906,0
23907,0
23908,0
23909,1
23910,0
23911,0
23912,0
23913,0
23914,0
23915,0
23916,0
23917,0
23918,1
23919,0
23920,1
23921,0
23922,0
23923,0
23924,0
23925,0
23926,0
23927,0
23928,0
23929,0
23930,0
23931,0
23932,1
23933,1
23934,0
23935,0
23936,0
23937,0
23938,0
23939,0
23940,0
23941,0
23942,0
23943,0
23944,0
23945,0
23946,1
23947,0
23948,1
23949,0
23950,0
23951,0
23952,0
23953,0
23954,1
23955,0
23956,0
23957,0
23958,0
23959,0
23960,1
23961,0
23962,0
23963,0
23964,0
23965,0
23966,0
23967,1
23968,0
23969,0
23970,1
23971,0
23972,0
23973,0
23974,0
23975,0
23976,0
23977,0
23978,1
23979,0
23980,1
23981,0
23982,0
23983,0
23984,0
23985,1
23986,0
23987,1
23988,0
23989,0
23990,0
23991,0
23992,0
23993,0
23994,0
23995,0
23996,0
23997,0
23998,0
23999,0
24000,0
24001,0
24002,0
24003,0
24004,0
24005,0
24006,0
24007,0
24008,1
24009,0
24010,0
24011,0
24012,0
24013,1
24014,1
24015,0
24016,0
24017,0
24018,0
24019,0
24020,0
24021,0
24022,0
24023,0
24024,1
24025,0
24026,0
24027,0
24028,0
24029,0
24030,0
24031,1
24032,0
24033,0
24034,0
24035,0
24036,1
24037,1
24038,0
24039,0
24040,0
24041,1
24042,1
24043,0
24044,0
24045,1
24046,0
24047,0
24048,0
24049,0
24050,0
24051,0
24052,0
24053,0
24054,0
24055,0
24056,0
24057,0
24058,1
24059,0
24060,1
24061,0
24062,0
24063,1
24064,0
24065,0
24066,0
24067,1
24068,0
24069,1
24070,0
24071,1
24072,0
24073,0
24074,0
24075,0
24076,0
24077,0
24078,1
24079,1
24080,0
24081,1
24082,0
24083,0
24084,0
24085,0
24086,0
24087,0
24088,1
24089,0
24090,0
24091,0
24092,0
24093,0
24094,0
24095,0
24096,0
24097,0
24098,0
24099,0
24100,0
24101,0
24102,0
24103,0
24104,0
24105,0
24106,0
24107,0
24108,0
24109,0
24110,0
24111,0
24112,1
24113,0
24114,0
24115,0
24116,0
24117,1
24118,0
24119,1
24120,0
24121,0
24122,0
24123,0
24124,0
24125,1
24126,0
24127,0
24128,1
24129,0
24130,1
24131,1
24132,0
24133,0
24134,0
24135,0
24136,0
24137,0
24138,0
24139,1
24140,0
24141,0
24142,0
24143,1
24144,0
24145,0
24146,1
24147,0
24148,0
24149,0
24150,0
24151,0
24152,0
24153,0
24154,0
24155,0
24156,0
24157,0
24158,1
24159,0
24160,0
24161,0
24162,0
24163,0
24164,0
24165,0
24166,0
24167,0
24168,1
24169,0
24170,0
24171,0
24172,0
24173,0
24174,0
24175,0
24176,0
24177,0
24178,1
24179,0
24180,0
24181,0
24182,0
24183,0
24184,0
24185,0
24186,0
24187,1
24188,0
24189,1
24190,0
24191,0
24192,0
24193,0
24194,0
24195,0
24196,0
24197,0
24198,1
24199,0
24200,0
24201,0
24202,0
24203,0
24204,0
24205,1
24206,0
24207,0
24208,0
24209,1
24210,0
24211,0
24212,1
24213,0
24214,0
24215,0
24216,0
24217,0
24218,0
24219,0
24220,0
24221,0
24222,1
24223,0
24224,0
24225,0
24226,0
24227,0
24228,0
24229,0
24230,0
24231,0
24232,0
24233,0
24234,0
24235,1
24236,0
24237,0
24238,1
24239,0
24240,0
24241,0
24242,0
24243,0
24244,0
24245,1
24246,0
24247,0
24248,0
24249,0
24250,1
24251,0
24252,0
24253,0
24254,1
24255,0
24256,0
24257,0
24258,0
24259,0
24260,0
24261,0
24262,1
24263,0
24264,0
24265,0
24266,0
24267,0
24268,1
24269,0
24270,0
24271,0
24272,0
24273,1
24274,0
24275,0
24276,0
24277,1
24278,0
24279,0
24280,0
24281,0
24282,0
24283,0
24284,1
24285,0
24286,1
24287,0
24288,1
24289,0
24290,0
24291,0
24292,0
24293,0
24294,0
24295,0
24296,0
24297,0
24298,0
24299,0
24300,0
24301,0
24302,0
24303,0
24304,0
24305,0
24306,0
24307,0
24308,0
24309,0
24310,0
24311,0
24312,1
24313,0
24314,0
24315,0
24316,0
24317,1
24318,0
24319,0
24320,0
24321,0
24322,0
24323,0
24324,1
24325,0
24326,0
24327,0
24328,0
24329,0
24330,0
24331,0
24332,0
24333,1
24334,1
24335,1
24336,0
24337,0
24338,0
24339,0
24340,1
24341,0
24342,0
24343,0
24344,0
24345,0
24346,0
24347,0
24348,0
24349,0
24350,0
24351,0
24352,0
24353,1
24354,0
24355,0
24356,0
24357,0
24358,0
24359,0
24360,0
24361,0
24362,0
24363,0
24364,0
24365,0
24366,0
24367,1
24368,0
24369,0
24370,0
24371,1
24372,0
24373,0
24374,0
24375,0
24376,0
24377,0
24378,0
24379,0
24380,0
24381,0
24382,0
24383,0
24384,0
24385,1
24386,1
24387,0
24388,0
24389,1
24390,1
24391,0
24392,0
24393,0
24394,0
24395,0
24396,0
24397,0
24398,0
24399,0
24400,0
24401,0
24402,0
24403,0
24404,1
24405,0
24406,0
24407,0
24408,1
24409,0
24410,0
24411,0
24412,0
24413,0
24414,0
24415,0
24416,0
24417,0
24418,1
24419,1
24420,0
24421,0
24422,0
24423,0
24424,0
24425,0
24426,1
24427,0
24428,0
24429,0
24430,0
24431,1
24432,0
24433,0
24434,0
24435,0
24436,0
24437,0
24438,1
24439,0
24440,0
24441,0
24442,0
24443,0
24444,0
24445,0
24446,0
24447,0
24448,0
24449,0
24450,0
24451,0
24452,0
24453,0
24454,0
24455,0
24456,0
24457,0
24458,0
24459,0
24460,0
24461,0
24462,0
24463,0
24464,0
24465,0
24466,0
24467,0
24468,0
24469,0
24470,0
24471,0
24472,0
24473,0
24474,0
24475,0
24476,0
24477,0
24478,0
24479,0
24480,1
24481,1
24482,0
24483,0
24484,0
24485,0
24486,0
24487,0
24488,1
24489,0
24490,0
24491,0
24492,0
24493,0
24494,0
24495,1
24496,0
24497,1
24498,1
24499,0
24500,1
24501,1
24502,1
24503,0
24504,0
24505,0
24506,0
24507,1
24508,0
24509,0
24510,0
24511,0
24512,1
24513,0
24514,1
24515,0
24516,0
24517,1
24518,0
24519,0
24520,0
24521,0
24522,0
24523,0
24524,0
24525,0
24526,0
24527,1
24528,0
24529,0
24530,0
24531,0
24532,0
24533,0
24534,0
24535,0
24536,0
24537,0
24538,0
24539,0
24540,0
24541,0
24542,0
24543,0
24544,0
24545,0
24546,0
24547,0
24548,0
24549,0
24550,1
24551,0
24552,0
24553,0
24554,0
24555,0
24556,0
24557,0
24558,0
24559,0
24560,0
24561,0
24562,0
24563,0
24564,1
24565,0
24566,0
24567,1
24568,0
24569,1
24570,0
24571,0
24572,0
24573,0
24574,0
24575,1
24576,1
24577,0
24578,0
24579,0
24580,0
24581,0
24582,0
24583,0
24584,0
24585,1
24586,0
24587,0
24588,0
24589,0
24590,1
24591,0
24592,0
24593,0
24594,0
24595,0
24596,0
24597,0
24598,0
24599,0
24600,0
24601,0
24602,0
24603,1
24604,0
24605,0
24606,0
24607,0
24608,0
24609,0
24610,0
24611,0
24612,0
24613,0
24614,0
24615,0
24616,1
24617,0
24618,0
24619,0
24620,0
24621,0
24622,0
24623,0
24624,1
24625,1
24626,0
24627,0
24628,0
24629,0
24630,0
24631,0
24632,0
24633,0
24634,0
24635,0
24636,0
24637,0
24638,1
24639,0
24640,0
24641,0
24642,0
24643,1
24644,0
24645,0
24646,0
24647,0
24648,1
24649,1
24650,0
24651,0
24652,1
24653,1
24654,0
24655,1
24656,0
24657,0
24658,0
24659,0
24660,0
24661,0
24662,0
24663,0
24664,0
24665,0
24666,0
24667,0
24668,0
24669,0
24670,1
24671,0
24672,0
24673,0
24674,0
24675,0
24676,0
24677,0
24678,0
24679,1
24680,0
24681,0
24682,0
24683,0
24684,0
24685,0
24686,1
24687,0
24688,0
24689,1
24690,0
24691,0
24692,0
24693,1
24694,0
24695,0
24696,0
24697,0
24698,0
24699,0
24700,0
24701,0
24702,0
24703,1
24704,0
24705,0
24706,0
24707,0
24708,1
24709,0
24710,0
24711,1
24712,0
24713,0
24714,0
24715,0
24716,0
24717,0
24718,0
24719,0
24720,1
24721,0
24722,0
24723,0
24724,1
24725,1
24726,1
24727,0
24728,1
24729,0
24730,0
24731,1
24732,1
24733,0
24734,1
24735,0
24736,0
24737,0
24738,0
24739,0
24740,0
24741,0
24742,0
24743,0
24744,0
24745,0
24746,0
24747,0
24748,0
24749,1
24750,1
24751,0
24752,0
24753,0
24754,1
24755,0
24756,0
24757,0
24758,1
24759,0
24760,0
24761,0
24762,0
24763,0
24764,0
24765,0
24766,0
24767,0
24768,0
24769,0
24770,0
24771,0
24772,0
24773,1
24774,0
24775,0
24776,0
24777,0
24778,0
24779,0
24780,0
24781,0
24782,0
24783,0
24784,0
24785,0
24786,0
24787,0
24788,0
24789,0
24790,0
24791,0
24792,0
24793,0
24794,0
24795,0
24796,0
24797,0
24798,0
24799,0
24800,0
24801,0
24802,0
24803,0
24804,0
24805,0
24806,0
24807,0
24808,0
24809,0
24810,0
24811,0
24812,0
24813,1
24814,0
24815,0
24816,1
24817,0
24818,0
24819,0
24820,1
24821,1
24822,0
24823,0
24824,0
24825,0
24826,1
24827,0
24828,0
24829,0
24830,1
24831,0
24832,0
24833,0
24834,1
24835,0
24836,0
24837,0
24838,0
24839,0
24840,0
24841,0
24842,0
24843,0
24844,0
24845,0
24846,0
24847,0
24848,0
24849,0
24850,0
24851,0
24852,1
24853,0
24854,0
24855,0
24856,0
24857,0
24858,1
24859,1
24860,0
24861,0
24862,0
24863,0
24864,0
24865,1
24866,0
24867,1
24868,0
24869,0
24870,0
24871,0
24872,0
24873,1
24874,0
24875,0
24876,0
24877,0
24878,0
24879,0
24880,0
24881,0
24882,0
24883,1
24884,0
24885,0
24886,0
24887,0
24888,0
24889,0
24890,0
24891,0
24892,0
24893,1
24894,0
24895,0
24896,0
24897,1
24898,0
24899,0
24900,0
24901,0
24902,0
24903,0
24904,0
24905,0
24906,0
24907,0
24908,0
24909,0
24910,0
24911,0
24912,0
24913,0
24914,0
24915,1
24916,0
24917,0
24918,1
24919,0
24920,1
24921,0
24922,0
24923,0
24924,0
24925,0
24926,1
24927,0
24928,0
24929,0
24930,1
24931,1
24932,1
24933,0
24934,0
24935,1
24936,0
24937,0
24938,0
24939,1
24940,0
24941,0
24942,0
24943,0
24944,0
24945,0
24946,0
24947,0
24948,1
24949,0
24950,0
24951,0
24952,0
24953,0
24954,0
24955,0
24956,0
24957,0
24958,1
24959,0
24960,0
24961,0
24962,0
24963,1
24964,1
24965,0
24966,0
24967,0
24968,1
24969,1
24970,0
24971,0
24972,0
24973,0
24974,0
24975,0
24976,0
24977,0
24978,0
24979,0
24980,1
24981,1
24982,0
24983,1
24984,0
24985,1
24986,0
24987,0
24988,0
24989,0
24990,0
24991,1
24992,1
24993,0
24994,0
24995,0
24996,0
24997,0
24998,0
24999,0
25000,0
25001,0
25002,1
25003,0
25004,0
25005,0
25006,0
25007,0
25008,0
25009,0
25010,0
25011,1
25012,0
25013,0
25014,0
25015,1
25016,1
25017,1
25018,1
25019,0
25020,0
25021,0
25022,0
25023,0
25024,0
25025,0
25026,0
25027,0
25028,0
25029,0
25030,0
25031,1
25032,0
25033,1
25034,0
25035,0
25036,0
25037,0
25038,0
25039,0
25040,0
25041,0
25042,0
25043,0
25044,0
25045,0
25046,1
25047,0
25048,0
25049,0
25050,0
25051,0
25052,0
25053,0
25054,0
25055,1
25056,1
25057,0
25058,0
25059,0
25060,1
25061,0
25062,0
25063,1
25064,0
25065,0
25066,0
25067,0
25068,0
25069,0
25070,0
25071,0
25072,0
25073,0
25074,0
25075,0
25076,1
25077,0
25078,0
25079,0
25080,0
25081,0
25082,0
25083,1
25084,1
25085,0
25086,0
25087,0
25088,0
25089,0
25090,0
25091,0
25092,0
25093,0
25094,1
25095,1
25096,0
25097,0
25098,0
25099,0
25100,0
25101,0
25102,0
25103,0
25104,0
25105,0
25106,0
25107,0
25108,0
25109,0
25110,0
25111,0
25112,0
25113,0
25114,0
25115,0
25116,0
25117,1
25118,0
25119,0
25120,0
25121,0
25122,0
25123,0
25124,1
25125,0
25126,0
25127,0
25128,0
25129,1
25130,0
25131,0
25132,0
25133,0
25134,1
25135,0
25136,0
25137,1
25138,0
25139,1
25140,0
25141,0
25142,0
25143,0
25144,0
25145,0
25146,0
25147,0
25148,0
25149,0
25150,0
25151,0
25152,0
25153,0
25154,0
25155,0
25156,0
25157,0
25158,1
25159,0
25160,0
25161,0
25162,0
25163,0
25164,0
25165,1
25166,0
25167,0
25168,1
25169,1
25170,1
25171,1
25172,0
25173,0
25174,1
25175,0
25176,0
25177,0
25178,0
25179,0
25180,0
25181,0
25182,0
25183,0
25184,0
25185,0
25186,1
25187,0
25188,0
25189,0
25190,1
25191,1
25192,1
25193,0
25194,1
25195,0
25196,0
25197,0
25198,0
25199,0
25200,1
25201,0
25202,1
25203,0
25204,0
25205,0
25206,0
25207,0
25208,1
25209,0
25210,0
25211,0
25212,0
25213,0
25214,0
25215,0
25216,0
25217,0
25218,0
25219,0
25220,0
25221,0
25222,0
25223,1
25224,0
25225,0
25226,0
25227,0
25228,0
25229,1
25230,0
25231,0
25232,0
25233,1
25234,0
25235,0
25236,0
25237,0
25238,0
25239,0
25240,0
25241,0
25242,0
25243,1
25244,0
25245,0
25246,0
25247,0
25248,1
25249,0
25250,1
25251,0
25252,0
25253,0
25254,1
25255,0
25256,0
25257,0
25258,0
25259,0
25260,0
25261,0
25262,0
25263,0
25264,0
25265,0
25266,0
25267,0
25268,1
25269,0
25270,0
25271,0
25272,0
25273,0
25274,0
25275,0
25276,0
25277,0
25278,1
25279,0
25280,0
25281,0
25282,0
25283,0
25284,1
25285,0
25286,0
25287,0
25288,0
25289,0
25290,0
25291,0
25292,0
25293,0
25294,1
25295,0
25296,0
25297,0
25298,0
25299,0
25300,0
25301,1
25302,0
25303,0
25304,0
25305,0
25306,0
25307,0
25308,0
25309,0
25310,1
25311,1
25312,0
25313,0
25314,0
25315,1
25316,0
25317,0
25318,0
25319,1
25320,0
25321,0
25322,0
25323,0
25324,0
25325,0
25326,1
25327,0
25328,0
25329,0
25330,0
25331,0
25332,0
25333,0
25334,0
25335,0
25336,0
25337,0
25338,0
25339,1
25340,1
25341,0
25342,0
25343,0
25344,1
25345,0
25346,0
25347,0
25348,0
25349,0
25350,0
25351,0
25352,0
25353,0
25354,0
25355,0
25356,0
25357,0
25358,1
25359,0
25360,0
25361,0
25362,0
25363,0
25364,1
25365,0
25366,0
25367,0
25368,1
25369,0
25370,0
25371,0
25372,1
25373,0
25374,0
25375,0
25376,0
25377,1
25378,0
25379,1
25380,0
25381,0
25382,0
25383,0
25384,0
25385,0
25386,0
25387,0
25388,1
25389,0
25390,0
25391,0
25392,0
25393,0
25394,0
25395,0
25396,1
25397,0
25398,0
25399,0
25400,0
25401,0
25402,0
25403,0
25404,0
25405,0
25406,1
25407,0
25408,0
25409,1
25410,0
25411,0
25412,0
25413,0
25414,0
25415,0
25416,0
25417,0
25418,0
25419,0
25420,0
25421,1
25422,0
25423,0
25424,0
25425,0
25426,0
25427,0
25428,0
25429,0
25430,0
25431,0
25432,0
25433,0
25434,0
25435,1
25436,0
25437,0
25438,0
25439,0
25440,0
25441,0
25442,0
25443,0
25444,0
25445,0
25446,0
25447,0
25448,0
25449,1
25450,0
25451,0
25452,1
25453,0
25454,0
25455,0
25456,1
25457,0
25458,0
25459,0
25460,0
25461,0
25462,0
25463,1
25464,0
25465,1
25466,0
25467,0
25468,0
25469,1
25470,0
25471,0
25472,1
25473,0
25474,0
25475,0
25476,0
25477,0
25478,0
25479,0
25480,0
25481,0
25482,0
25483,0
25484,0
25485,0
25486,0
25487,1
25488,0
25489,0
25490,0
25491,0
25492,0
25493,1
25494,0
25495,0
25496,0
25497,0
25498,0
25499,0
25500,0
25501,0
25502,0
25503,0
25504,0
25505,1
25506,0
25507,1
25508,1
25509,1
25510,0
25511,0
25512,1
25513,1
25514,0
25515,1
25516,1
25517,0
25518,0
25519,1
25520,0
25521,0
25522,0
25523,0
25524,0
25525,0
25526,0
25527,1
25528,0
25529,0
25530,1
25531,0
25532,0
25533,0
25534,0
25535,0
25536,1
25537,0
25538,0
25539,0
25540,0
25541,0
25542,0
25543,0
25544,0
25545,0
25546,0
25547,0
25548,0
25549,0
25550,0
25551,1
25552,0
25553,0
25554,0
25555,0
25556,0
25557,0
25558,0
25559,0
25560,0
25561,0
25562,0
25563,0
25564,0
25565,0
25566,0
25567,0
25568,0
25569,0
25570,0
25571,0
25572,0
25573,0
25574,0
25575,0
25576,0
25577,0
25578,0
25579,0
25580,1
25581,0
25582,0
25583,1
25584,0
25585,0
25586,0
25587,1
25588,0
25589,0
25590,0
25591,0
25592,0
25593,0
25594,0
25595,0
25596,0
25597,0
25598,0
25599,0
25600,0
25601,0
25602,0
25603,0
25604,1
25605,0
25606,0
25607,0
25608,0
25609,0
25610,1
25611,0
25612,0
25613,0
25614,1
25615,1
25616,0
25617,1
25618,0
25619,0
25620,0
25621,0
25622,0
25623,0
25624,0
25625,0
25626,0
25627,0
25628,0
25629,0
25630,0
25631,0
25632,0
25633,0
25634,0
25635,0
25636,0
25637,0
25638,0
25639,0
25640,0
25641,0
25642,0
25643,1
25644,0
25645,0
25646,0
25647,0
25648,0
25649,0
25650,0
25651,0
25652,0
25653,0
25654,0
25655,0
25656,1
25657,0
25658,0
25659,0
25660,0
25661,0
25662,0
25663,0
25664,0
25665,1
25666,0
25667,1
25668,0
25669,0
25670,0
25671,0
25672,1
25673,0
25674,0
25675,0
25676,0
25677,0
25678,0
25679,0
25680,0
25681,0
25682,0
25683,0
25684,0
25685,0
25686,0
25687,0
25688,0
25689,0
25690,1
25691,0
25692,0
25693,0
25694,1
25695,1
25696,0
25697,1
25698,0
25699,0
25700,1
25701,0
25702,1
25703,0
25704,0
25705,1
25706,1
25707,0
25708,0
25709,0
25710,1
25711,0
25712,0
25713,0
25714,0
25715,0
25716,0
25717,0
25718,0
25719,0
25720,0
25721,1
25722,0
25723,0
25724,0
25725,0
25726,0
25727,0
25728,0
25729,0
25730,0
25731,0
25732,0
25733,0
25734,0
25735,0
25736,0
25737,1
25738,0
25739,1
25740,0
25741,0
25742,1
25743,0
25744,0
25745,0
25746,0
25747,0
25748,0
25749,0
25750,1
25751,0
25752,0
25753,0
25754,1
25755,0
25756,0
25757,1
25758,0
25759,0
25760,1
25761,0
25762,0
25763,0
25764,0
25765,1
25766,0
25767,0
25768,0
25769,1
25770,0
25771,0
25772,0
25773,0
25774,0
25775,0
25776,0
25777,0
25778,0
25779,0
25780,0
25781,1
25782,1
25783,1
25784,1
25785,0
25786,0
25787,0
25788,0
25789,0
25790,0
25791,0
25792,1
25793,0
25794,0
25795,0
25796,0
25797,0
25798,0
25799,1
25800,0
25801,0
25802,0
25803,0
25804,0
25805,1
25806,0
25807,0
25808,0
25809,1
25810,0
25811,0
25812,0
25813,1
25814,0
25815,0
25816,0
25817,1
25818,0
25819,0
25820,0
25821,0
25822,1
25823,0
25824,0
25825,0
25826,0
25827,0
25828,0
25829,0
25830,0
25831,0
25832,0
25833,0
25834,0
25835,0
25836,0
25837,0
25838,0
25839,0
25840,0
25841,1
25842,0
25843,0
25844,0
25845,0
25846,0
25847,0
25848,0
25849,0
25850,0
25851,0
25852,0
25853,0
25854,0
25855,0
25856,0
25857,0
25858,1
25859,0
25860,0
25861,0
25862,0
25863,0
25864,0
25865,0
25866,1
25867,0
25868,0
25869,0
25870,0
25871,0
25872,0
25873,0
25874,0
25875,0
25876,0
25877,0
25878,0
25879,0
25880,0
25881,0
25882,0
25883,1
25884,0
25885,0
25886,0
25887,0
25888,0
25889,0
25890,0
25891,1
25892,0
25893,1
25894,0
25895,0
25896,0
25897,1
25898,0
25899,0
25900,0
25901,0
25902,1
25903,0
25904,1
25905,0
25906,0
25907,0
25908,1
25909,0
25910,0
25911,0
25912,0
25913,0
25914,0
25915,0
25916,0
25917,0
25918,0
25919,0
25920,0
25921,0
25922,0
25923,1
25924,1
25925,0
25926,0
25927,0
25928,0
25929,0
25930,0
25931,0
25932,1
25933,0
25934,0
25935,0
25936,0
25937,0
25938,0
25939,1
25940,0
25941,0
25942,0
25943,0
25944,0
25945,1
25946,0
25947,0
25948,0
25949,1
25950,0
25951,1
25952,0
25953,0
25954,0
25955,0
25956,0
25957,0
25958,0
25959,0
25960,0
25961,0
25962,0
25963,0
25964,0
25965,0
25966,0
25967,0
25968,0
25969,0
25970,0
25971,1
25972,0
25973,0
25974,0
25975,0
25976,0
25977,0
25978,0
25979,0
25980,0
25981,0
25982,0
25983,0
25984,0
25985,0
25986,0
25987,0
25988,0
25989,0
25990,1
25991,0
25992,0
25993,0
25994,0
25995,1
25996,0
25997,0
25998,0
25999,0
26000,0
26001,0
26002,0
26003,0
26004,0
26005,1
26006,0
26007,0
26008,0
26009,0
26010,0
26011,0
26012,0
26013,0
26014,0
26015,0
26016,1
26017,0
26018,1
26019,1
26020,0
26021,0
26022,0
26023,0
26024,0
26025,0
26026,0
26027,0
26028,0
26029,0
26030,0
26031,0
26032,0
26033,0
26034,0
26035,0
26036,0
26037,0
26038,0
26039,0
26040,0
26041,0
26042,0
26043,0
26044,0
26045,0
26046,0
26047,0
26048,0
26049,1
26050,0
26051,1
26052,0
26053,0
26054,0
26055,0
26056,0
26057,0
26058,0
26059,0
26060,0
26061,0
26062,0
26063,1
26064,0
26065,0
26066,0
26067,0
26068,0
26069,0
26070,1
26071,1
26072,0
26073,0
26074,0
26075,0
26076,0
26077,0
26078,0
26079,1
26080,1
26081,0
26082,0
26083,0
26084,0
26085,0
26086,0
26087,0
26088,0
26089,0
26090,0
26091,0
26092,0
26093,0
26094,0
26095,0
26096,0
26097,0
26098,0
26099,0
26100,0
26101,0
26102,0
26103,0
26104,0
26105,0
26106,0
26107,0
26108,0
26109,0
26110,0
26111,0
26112,0
26113,0
26114,0
26115,1
26116,0
26117,0
26118,0
26119,0
26120,0
26121,1
26122,1
26123,0
26124,1
26125,0
26126,0
26127,0
26128,0
26129,0
26130,0
26131,0
26132,0
26133,0
26134,0
26135,0
26136,0
26137,0
26138,0
26139,0
26140,0
26141,0
26142,0
26143,1
26144,0
26145,0
26146,0
26147,0
26148,0
26149,0
26150,0
26151,0
26152,0
26153,1
26154,1
26155,0
26156,0
26157,0
26158,0
26159,1
26160,0
26161,1
26162,0
26163,1
26164,0
26165,1
26166,0
26167,0
26168,0
26169,0
26170,1
26171,0
26172,0
26173,0
26174,0
26175,0
26176,0
26177,0
26178,1
26179,0
26180,0
26181,1
26182,0
26183,0
26184,0
26185,0
26186,0
26187,0
26188,0
26189,0
26190,0
26191,0
26192,0
26193,1
26194,0
26195,0
26196,0
26197,0
26198,0
26199,1
26200,0
26201,0
26202,0
26203,0
26204,0
26205,0
26206,0
26207,0
26208,0
26209,0
26210,0
26211,0
26212,0
26213,0
26214,1
26215,0
26216,0
26217,0
26218,1
26219,0
26220,0
26221,0
26222,0
26223,0
26224,0
26225,0
26226,0
26227,0
26228,0
26229,1
26230,0
26231,0
26232,0
26233,0
26234,1
26235,0
26236,1
26237,0
26238,0
26239,1
26240,0
26241,0
26242,0
26243,0
26244,0
26245,0
26246,0
26247,0
26248,1
26249,0
26250,0
26251,0
26252,0
26253,1
26254,0
26255,1
26256,0
26257,1
26258,0
26259,0
26260,0
26261,1
26262,0
26263,0
26264,0
26265,0
26266,1
26267,0
26268,0
26269,0
26270,1
26271,0
26272,0
26273,0
26274,1
26275,0
26276,0
26277,0
26278,0
26279,0
26280,0
26281,0
26282,0
26283,1
26284,0
26285,0
26286,0
26287,1
26288,0
26289,1
26290,1
26291,1
26292,0
26293,1
26294,0
26295,0
26296,0
26297,0
26298,1
26299,0
26300,0
26301,0
26302,0
26303,0
26304,0
26305,1
26306,0
26307,0
26308,0
26309,0
26310,0
26311,0
26312,0
26313,0
26314,0
26315,0
26316,0
26317,1
26318,0
26319,0
26320,0
26321,1
26322,0
26323,0
26324,0
26325,1
26326,0
26327,0
26328,0
26329,0
26330,0
26331,0
26332,0
26333,0
26334,0
26335,0
26336,0
26337,1
26338,0
26339,0
26340,0
26341,0
26342,0
26343,0
26344,0
26345,0
26346,0
26347,0
26348,0
26349,0
26350,0
26351,0
26352,1
26353,0
26354,0
26355,0
26356,0
26357,0
26358,1
26359,0
26360,0
26361,0
26362,0
26363,1
26364,0
26365,1
26366,0
26367,0
26368,1
26369,0
26370,0
26371,0
26372,0
26373,0
26374,0
26375,0
26376,0
26377,1
26378,0
26379,0
26380,0
26381,0
26382,0
26383,0
26384,0
26385,0
26386,0
26387,0
26388,0
26389,1
26390,1
26391,1
26392,0
26393,0
26394,0
26395,0
26396,1
26397,0
26398,0
26399,0
26400,0
26401,1
26402,1
26403,0
26404,0
26405,0
26406,0
26407,0
26408,0
26409,0
26410,0
26411,0
26412,0
26413,0
26414,1
26415,0
26416,0
26417,0
26418,0
26419,0
26420,0
26421,0
26422,0
26423,0
26424,0
26425,0
26426,0
26427,0
26428,0
26429,1
26430,1
26431,0
26432,0
26433,0
26434,0
26435,1
26436,1
26437,0
26438,1
26439,0
26440,0
26441,0
26442,0
26443,0
26444,1
26445,0
26446,0
26447,1
26448,0
26449,0
26450,0
26451,0
26452,1
26453,0
26454,0
26455,0
26456,0
26457,0
26458,0
26459,0
26460,0
26461,0
26462,1
26463,0
26464,0
26465,0
26466,0
26467,0
26468,1
26469,0
26470,0
26471,0
26472,0
26473,0
26474,0
26475,0
26476,0
26477,0
26478,0
26479,0
26480,0
26481,1
26482,0
26483,0
26484,1
26485,0
26486,0
26487,0
26488,1
26489,0
26490,0
26491,1
26492,0
26493,0
26494,1
26495,0
26496,0
26497,0
26498,0
26499,0
26500,0
26501,0
26502,0
26503,0
26504,0
26505,0
26506,0
26507,0
26508,0
26509,0
26510,0
26511,0
26512,1
26513,0
26514,0
26515,1
26516,1
26517,0
26518,0
26519,0
26520,0
26521,0
26522,0
26523,0
26524,1
26525,0
26526,0
26527,0
26528,0
26529,0
26530,0
26531,0
26532,1
26533,0
26534,0
26535,1
26536,0
26537,0
26538,1
26539,0
26540,0
26541,1
26542,0
26543,0
26544,0
26545,0
26546,0
26547,1
26548,0
26549,0
26550,0
26551,0
26552,0
26553,0
26554,1
26555,1
26556,0
26557,0
26558,0
26559,0
26560,0
26561,0
26562,0
26563,0
26564,0
26565,0
26566,0
26567,0
26568,0
26569,1
26570,0
26571,0
26572,0
26573,0
26574,0
26575,1
26576,1
26577,0
26578,1
26579,0
26580,0
26581,0
26582,0
26583,0
26584,0
26585,0
26586,1
26587,0
26588,0
26589,1
26590,0
26591,0
26592,0
26593,0
26594,0
26595,1
26596,0
26597,0
26598,1
26599,0
26600,0
26601,0
26602,0
26603,1
26604,0
26605,0
26606,0
26607,0
26608,0
26609,0
26610,0
26611,0
26612,0
26613,0
26614,0
26615,0
26616,0
26617,0
26618,0
26619,0
26620,0
26621,0
26622,0
26623,0
26624,1
26625,1
26626,0
26627,0
26628,0
26629,0
26630,1
26631,0
26632,0
26633,0
26634,0
26635,0
26636,0
26637,0
26638,0
26639,0
26640,0
26641,0
26642,0
26643,0
26644,0
26645,0
26646,0
26647,1
26648,0
26649,0
26650,0
26651,1
26652,0
26653,0
26654,0
26655,0
26656,1
26657,0
26658,0
26659,0
26660,1
26661,0
26662,0
26663,0
26664,0
26665,0
26666,1
26667,1
26668,0
26669,0
26670,0
26671,0
26672,1
26673,0
26674,0
26675,0
26676,0
26677,0
26678,1
26679,0
26680,0
26681,1
26682,0
26683,0
26684,0
26685,0
26686,0
26687,1
26688,0
26689,0
26690,0
26691,0
26692,1
26693,0
26694,1
26695,0
26696,0
26697,0
26698,0
26699,0
26700,1
26701,0
26702,0
26703,0
26704,0
26705,0
26706,0
26707,1
26708,1
26709,0
26710,1
26711,0
26712,0
26713,0
26714,1
26715,0
26716,1
26717,0
26718,0
26719,0
26720,0
26721,0
26722,0
26723,0
26724,0
26725,0
26726,0
26727,0
26728,0
26729,0
26730,0
26731,1
26732,0
26733,1
26734,0
26735,0
26736,0
26737,0
26738,1
26739,0
26740,0
26741,0
26742,0
26743,0
26744,0
26745,0
26746,1
26747,0
26748,1
26749,0
26750,0
26751,0
26752,0
26753,0
26754,1
26755,0
26756,0
26757,0
26758,0
26759,0
26760,0
26761,0
26762,0
26763,0
26764,0
26765,0
26766,0
26767,0
26768,0
26769,0
26770,0
26771,1
26772,0
26773,0
26774,0
26775,0
26776,0
26777,0
26778,0
26779,1
26780,0
26781,0
26782,0
26783,0
26784,0
26785,0
26786,0
26787,0
26788,0
26789,0
26790,0
26791,0
26792,0
26793,0
26794,0
26795,1
26796,0
26797,0
26798,0
26799,0
26800,0
26801,1
26802,0
26803,0
26804,0
26805,0
26806,0
26807,0
26808,0
26809,0
26810,0
26811,0
26812,0
26813,0
26814,0
26815,0
26816,0
26817,1
26818,0
26819,0
26820,0
26821,1
26822,0
26823,0
26824,0
26825,0
26826,0
26827,1
26828,0
26829,0
26830,0
26831,0
26832,0
26833,1
26834,0
26835,0
26836,0
26837,0
26838,0
26839,0
26840,1
26841,0
26842,1
26843,0
26844,0
26845,0
26846,0
26847,0
26848,0
26849,0
26850,0
26851,0
26852,0
26853,0
26854,0
26855,0
26856,0
26857,0
26858,0
26859,0
26860,0
26861,0
26862,0
26863,0
26864,0
26865,0
26866,0
26867,0
26868,0
26869,1
26870,0
26871,0
26872,0
26873,0
26874,1
26875,0
26876,1
26877,0
26878,0
26879,0
26880,0
26881,0
26882,0
26883,0
26884,0
26885,0
26886,0
26887,0
26888,0
26889,0
26890,0
26891,0
26892,0
26893,0
26894,0
26895,1
26896,0
26897,0
26898,0
26899,0
26900,0
26901,0
26902,1
26903,0
26904,0
26905,0
26906,0
26907,0
26908,0
26909,0
26910,0
26911,0
26912,1
26913,0
26914,0
26915,0
26916,0
26917,1
26918,0
26919,0
26920,0
26921,0
26922,1
26923,0
26924,0
26925,0
26926,0
26927,0
26928,0
26929,0
26930,0
26931,0
26932,0
26933,1
26934,0
26935,0
26936,0
26937,0
26938,1
26939,0
26940,0
26941,0
26942,1
26943,0
26944,0
26945,0
26946,1
26947,0
26948,0
26949,1
26950,0
26951,0
26952,0
26953,0
26954,0
26955,0
26956,1
26957,0
26958,0
26959,0
26960,0
26961,0
26962,0
26963,0
26964,0
26965,1
26966,0
26967,0
26968,0
26969,0
26970,0
26971,0
26972,0
26973,0
26974,0
26975,0
26976,0
26977,0
26978,1
26979,0
26980,0
26981,1
26982,0
26983,0
26984,0
26985,0
26986,1
26987,0
26988,0
26989,0
26990,0
26991,0
26992,0
26993,0
26994,0
26995,0
26996,0
26997,0
26998,0
26999,0
27000,0
27001,0
27002,0
27003,0
27004,0
27005,0
27006,0
27007,0
27008,0
27009,0
27010,0
27011,0
27012,1
27013,1
27014,0
27015,0
27016,0
27017,0
27018,0
27019,0
27020,0
27021,1
27022,0
27023,0
27024,0
27025,0
27026,0
27027,1
27028,0
27029,0
27030,0
27031,1
27032,0
27033,0
27034,0
27035,0
27036,0
27037,0
27038,0
27039,0
27040,1
27041,1
27042,0
27043,1
27044,0
27045,0
27046,1
27047,1
27048,1
27049,0
27050,0
27051,0
27052,0
27053,0
27054,0
27055,1
27056,0
27057,0
27058,0
27059,0
27060,0
27061,0
27062,1
27063,0
27064,0
27065,0
27066,0
27067,0
27068,0
27069,0
27070,0
27071,0
27072,0
27073,0
27074,1
27075,0
27076,0
27077,0
27078,0
27079,0
27080,0
27081,0
27082,0
27083,0
27084,0
27085,0
27086,0
27087,0
27088,0
27089,0
27090,0
27091,0
27092,0
27093,0
27094,0
27095,0
27096,0
27097,0
27098,0
27099,0
27100,0
27101,0
27102,0
27103,0
27104,0
27105,0
27106,0
27107,0
27108,0
27109,0
27110,0
27111,0
27112,0
27113,0
27114,0
27115,0
27116,1
27117,0
27118,0
27119,0
27120,0
27121,0
27122,0
27123,1
27124,1
27125,1
27126,0
27127,0
27128,0
27129,0
27130,1
27131,0
27132,0
27133,0
27134,0
27135,0
27136,0
27137,0
27138,0
27139,0
27140,0
27141,0
27142,0
27143,0
27144,0
27145,0
27146,1
27147,1
27148,0
27149,0
27150,0
27151,0
27152,0
27153,0
27154,0
27155,0
27156,0
27157,0
27158,0
27159,1
27160,0
27161,0
27162,0
27163,1
27164,0
27165,0
27166,0
27167,0
27168,0
27169,0
27170,1
27171,0
27172,0
27173,0
27174,1
27175,0
27176,0
27177,0
27178,1
27179,0
27180,0
27181,0
27182,0
27183,0
27184,0
27185,1
27186,0
27187,0
27188,0
27189,0
27190,0
27191,0
27192,0
27193,1
27194,0
27195,0
27196,0
27197,0
27198,0
27199,1
27200,0
27201,0
27202,0
27203,1
27204,0
27205,0
27206,0
27207,0
27208,1
27209,0
27210,0
27211,0
27212,0
27213,0
27214,0
27215,0
27216,0
27217,0
27218,0
27219,1
27220,0
27221,0
27222,0
27223,0
27224,0
27225,0
27226,0
27227,0
27228,0
27229,0
27230,0
27231,0
27232,0
27233,0
27234,0
27235,0
27236,0
27237,0
27238,0
27239,1
27240,0
27241,0
27242,1
27243,0
27244,1
27245,0
27246,0
27247,0
27248,0
27249,0
27250,1
27251,0
27252,0
27253,0
27254,1
27255,0
27256,0
27257,0
27258,0
27259,0
27260,0
27261,0
27262,0
27263,0
27264,0
27265,0
27266,0
27267,1
27268,0
27269,0
27270,0
27271,0
27272,1
27273,0
27274,0
27275,0
27276,0
27277,0
27278,0
27279,0
27280,0
27281,0
27282,0
27283,0
27284,0
27285,1
27286,0
27287,0
27288,0
27289,0
27290,0
27291,0
27292,0
27293,1
27294,0
27295,0
27296,0
27297,0
27298,0
27299,0
27300,0
27301,0
27302,0
27303,0
27304,1
27305,1
27306,0
27307,0
27308,1
27309,0
27310,0
27311,0
27312,0
27313,0
27314,0
27315,0
27316,0
27317,0
27318,0
27319,0
27320,0
27321,0
27322,0
27323,0
27324,0
27325,0
27326,0
27327,0
27328,1
27329,0
27330,0
27331,0
27332,0
27333,0
27334,0
27335,0
27336,1
27337,0
27338,1
27339,0
27340,0
27341,1
27342,0
27343,0
27344,0
27345,0
27346,0
27347,0
27348,0
27349,0
27350,0
27351,0
27352,0
27353,1
27354,1
27355,1
27356,0
27357,0
27358,0
27359,0
27360,1
27361,0
27362,1
27363,0
27364,0
27365,0
27366,0
27367,0
27368,1
27369,0
27370,0
27371,0
27372,0
27373,1
27374,0
27375,0
27376,0
27377,0
27378,0
27379,0
27380,1
27381,0
27382,0
27383,0
27384,0
27385,0
27386,0
27387,0
27388,1
27389,1
27390,0
27391,0
27392,0
27393,0
27394,0
27395,0
27396,0
27397,0
27398,0
27399,0
27400,0
27401,0
27402,0
27403,0
27404,0
27405,0
27406,0
27407,0
27408,0
27409,0
27410,0
27411,0
27412,1
27413,0
27414,0
27415,0
27416,0
27417,0
27418,0
27419,0
27420,0
27421,0
27422,0
27423,0
27424,0
27425,0
27426,0
27427,0
27428,0
27429,0
27430,0
27431,0
27432,0
27433,0
27434,0
27435,0
27436,0
27437,0
27438,0
27439,1
27440,0
27441,0
27442,0
27443,0
27444,1
27445,0
27446,1
27447,0
27448,0
27449,0
27450,0
27451,0
27452,1
27453,0
27454,0
27455,0
27456,0
27457,0
27458,0
27459,0
27460,1
27461,0
27462,1
27463,1
27464,0
27465,0
27466,0
27467,0
27468,1
27469,0
27470,1
27471,0
27472,0
27473,0
27474,0
27475,0
27476,0
27477,0
27478,1
27479,0
27480,0
27481,0
27482,0
27483,0
27484,0
27485,1
27486,0
27487,0
27488,0
27489,0
27490,0
27491,0
27492,0
27493,0
27494,1
27495,0
27496,0
27497,1
27498,0
27499,0
27500,0
27501,0
27502,0
27503,0
27504,1
27505,0
27506,0
27507,0
27508,0
27509,0
27510,0
27511,0
27512,0
27513,0
27514,0
27515,0
27516,0
27517,0
27518,1
27519,0
27520,0
27521,1
27522,0
27523,0
27524,0
27525,0
27526,0
27527,1
27528,1
27529,0
27530,0
27531,0
27532,0
27533,0
27534,0
27535,0
27536,0
27537,1
27538,0
27539,0
27540,0
27541,0
27542,0
27543,1
27544,0
27545,1
27546,0
27547,0
27548,0
27549,0
27550,0
27551,0
27552,0
27553,0
27554,1
27555,1
27556,0
27557,0
27558,0
27559,0
27560,0
27561,0
27562,0
27563,0
27564,0
27565,1
27566,0
27567,1
27568,0
27569,0
27570,0
27571,1
27572,0
27573,0
27574,0
27575,0
27576,0
27577,0
27578,0
27579,0
27580,0
27581,0
27582,0
27583,0
27584,0
27585,0
27586,0
27587,0
27588,0
27589,1
27590,0
27591,0
27592,0
27593,0
27594,0
27595,0
27596,0
27597,0
27598,0
27599,1
27600,0
27601,0
27602,0
27603,0
27604,0
27605,0
27606,0
27607,0
27608,0
27609,0
27610,0
27611,1
27612,0
27613,1
27614,0
27615,0
27616,0
27617,0
27618,0
27619,0
27620,0
27621,0
27622,1
27623,0
27624,0
27625,0
27626,0
27627,0
27628,1
27629,0
27630,0
27631,0
27632,0
27633,0
27634,0
27635,0
27636,0
27637,0
27638,0
27639,0
27640,0
27641,0
27642,0
27643,0
27644,0
27645,0
27646,0
27647,1
27648,0
27649,0
27650,1
27651,0
27652,0
27653,0
27654,0
27655,0
27656,0
27657,0
27658,0
27659,0
27660,0
27661,0
27662,0
27663,0
27664,0
27665,0
27666,0
27667,0
27668,0
27669,0
27670,0
27671,0
27672,0
27673,0
27674,0
27675,1
27676,0
27677,0
27678,1
27679,0
27680,0
27681,0
27682,0
27683,0
27684,0
27685,0
27686,0
27687,0
27688,0
27689,0
27690,0
27691,0
27692,0
27693,0
27694,0
27695,0
27696,0
27697,0
27698,0
27699,0
27700,0
27701,0
27702,0
27703,0
27704,0
27705,0
27706,1
27707,0
27708,0
27709,0
27710,0
27711,0
27712,0
27713,0
27714,0
27715,0
27716,1
27717,0
27718,1
27719,1
27720,0
27721,0
27722,0
27723,0
27724,0
27725,0
27726,0
27727,0
27728,0
27729,0
27730,0
27731,0
27732,0
27733,0
27734,0
27735,0
27736,0
27737,1
27738,1
27739,0
27740,0
27741,1
27742,1
27743,0
27744,0
27745,0
27746,0
27747,1
27748,0
27749,0
27750,1
27751,0
27752,0
27753,0
27754,0
27755,1
27756,0
27757,0
27758,0
27759,0
27760,0
27761,0
27762,0
27763,0
27764,0
27765,0
27766,0
27767,0
27768,0
27769,1
27770,0
27771,0
27772,0
27773,0
27774,0
27775,0
27776,0
27777,0
27778,1
27779,0
27780,0
27781,0
27782,0
27783,0
27784,1
27785,0
27786,0
27787,0
27788,0
27789,0
27790,0
27791,0
27792,0
27793,0
27794,0
27795,1
27796,0
27797,0
27798,0
27799,1
27800,0
27801,1
27802,0
27803,1
27804,1
27805,0
27806,0
27807,0
27808,1
27809,0
27810,1
27811,0
27812,0
27813,1
27814,1
27815,1
27816,0
27817,0
27818,1
27819,1
27820,0
27821,0
27822,1
27823,1
27824,0
27825,0
27826,0
27827,0
27828,1
27829,0
27830,0
27831,0
27832,0
27833,0
27834,0
27835,0
27836,0
27837,0
27838,0
27839,0
27840,0
27841,0
27842,0
27843,1
27844,1
27845,0
27846,0
27847,0
27848,0
27849,0
27850,0
27851,0
27852,0
27853,0
27854,0
27855,0
27856,0
27857,0
27858,1
27859,0
27860,0
27861,0
27862,0
27863,0
27864,0
27865,0
27866,0
27867,0
27868,0
27869,1
27870,0
27871,1
27872,0
27873,0
27874,0
27875,0
27876,0
27877,0
27878,0
27879,0
27880,0
27881,1
27882,1
27883,1
27884,0
27885,0
27886,0
27887,0
27888,0
27889,0
27890,0
27891,0
27892,0
27893,0
27894,0
27895,0
27896,1
27897,0
27898,0
27899,0
27900,0
27901,0
27902,0
27903,0
27904,0
27905,1
27906,1
27907,0
27908,0
27909,0
27910,0
27911,0
27912,0
27913,0
27914,1
27915,0
27916,0
27917,0
27918,0
27919,0
27920,0
27921,0
27922,1
27923,0
27924,0
27925,0
27926,0
27927,0
27928,0
27929,0
27930,0
27931,0
27932,0
27933,1
27934,0
27935,1
27936,0
27937,0
27938,0
27939,0
27940,0
27941,0
27942,1
27943,0
27944,1
27945,0
27946,0
27947,0
27948,0
27949,1
27950,0
27951,0
27952,1
27953,0
27954,0
27955,0
27956,0
27957,0
27958,0
27959,0
27960,1
27961,0
27962,0
27963,0
27964,1
27965,0
27966,0
27967,0
27968,0
27969,0
27970,0
27971,0
27972,0
27973,1
27974,0
27975,0
27976,1
27977,0
27978,1
27979,1
27980,0
27981,0
27982,0
27983,0
27984,0
27985,0
27986,0
27987,0
27988,0
27989,0
27990,0
27991,0
27992,0
27993,0
27994,0
27995,0
27996,0
27997,0
27998,0
27999,0
28000,0
28001,0
28002,1
28003,0
28004,1
28005,0
28006,0
28007,1
28008,0
28009,0
28010,0
28011,1
28012,0
28013,0
28014,1
28015,0
28016,0
28017,0
28018,1
28019,0
28020,0
28021,0
28022,0
28023,0
28024,0
28025,1
28026,0
28027,1
28028,0
28029,1
28030,0
28031,0
28032,0
28033,1
28034,0
28035,1
28036,1
28037,0
28038,0
28039,0
28040,0
28041,0
28042,0
28043,0
28044,0
28045,1
28046,0
28047,0
28048,0
28049,1
28050,0
28051,0
28052,0
28053,0
28054,0
28055,0
28056,0
28057,0
28058,0
28059,0
28060,0
28061,0
28062,1
28063,0
28064,0
28065,0
28066,0
28067,0
28068,0
28069,0
28070,0
28071,0
28072,0
28073,0
28074,0
28075,0
28076,0
28077,0
28078,0
28079,0
28080,0
28081,1
28082,0
28083,0
28084,0
28085,0
28086,0
28087,0
28088,0
28089,0
28090,0
28091,0
28092,0
28093,0
28094,0
28095,0
28096,0
28097,1
28098,0
28099,1
28100,0
28101,1
28102,1
28103,0
28104,0
28105,0
28106,1
28107,0
28108,0
28109,1
28110,1
28111,0
28112,0
28113,0
28114,1
28115,0
28116,0
28117,0
28118,0
28119,0
28120,0
28121,0
28122,0
28123,0
28124,0
28125,0
28126,0
28127,0
28128,0
28129,1
28130,0
28131,0
28132,0
28133,0
28134,0
28135,0
28136,0
28137,0
28138,0
28139,0
28140,0
28141,0
28142,0
28143,0
28144,0
28145,0
28146,0
28147,0
28148,0
28149,0
28150,0
28151,0
28152,0
28153,1
28154,0
28155,0
28156,0
28157,1
28158,0
28159,0
28160,0
28161,0
28162,0
28163,0
28164,0
28165,0
28166,0
28167,0
28168,0
28169,0
28170,1
28171,0
28172,0
28173,0
28174,0
28175,0
28176,0
28177,0
28178,0
28179,0
28180,1
28181,0
28182,0
28183,0
28184,1
28185,0
28186,0
28187,0
28188,1
28189,0
28190,1
28191,0
28192,0
28193,0
28194,1
28195,0
28196,1
28197,0
28198,0
28199,0
28200,1
28201,0
28202,0
28203,0
28204,1
28205,0
28206,0
28207,0
28208,0
28209,0
28210,0
28211,0
28212,0
28213,1
28214,0
28215,0
28216,0
28217,0
28218,0
28219,0
28220,1
28221,0
28222,0
28223,0
28224,0
28225,0
28226,0
28227,0
28228,0
28229,0
28230,0
28231,0
28232,0
28233,0
28234,0
28235,0
28236,0
28237,0
28238,0
28239,1
28240,1
28241,0
28242,0
28243,0
28244,0
28245,0
28246,0
28247,0
28248,0
28249,0
28250,0
28251,0
28252,0
28253,0
28254,0
28255,0
28256,1
28257,0
28258,0
28259,0
28260,0
28261,0
28262,0
28263,0
28264,0
28265,0
28266,0
28267,0
28268,0
28269,0
28270,0
28271,0
28272,0
28273,0
28274,0
28275,0
28276,0
28277,0
28278,0
28279,0
28280,0
28281,0
28282,0
28283,0
28284,0
28285,0
28286,0
28287,0
28288,0
28289,0
28290,0
28291,0
28292,0
28293,0
28294,0
28295,0
28296,0
28297,0
28298,0
28299,1
28300,0
28301,0
28302,0
28303,0
28304,0
28305,0
28306,0
28307,0
28308,0
28309,1
28310,0
28311,0
28312,1
28313,1
28314,1
28315,0
28316,0
28317,1
28318,0
28319,0
28320,0
28321,0
28322,0
28323,0
28324,0
28325,0
28326,0
28327,0
28328,1
28329,0
28330,0
28331,0
28332,0
28333,0
28334,0
28335,1
28336,0
28337,0
28338,0
28339,0
28340,0
28341,1
28342,0
28343,0
28344,0
28345,0
28346,0
28347,0
28348,0
28349,0
28350,0
28351,0
28352,1
28353,0
28354,0
28355,0
28356,1
28357,0
28358,0
28359,0
28360,0
28361,0
28362,0
28363,0
28364,0
28365,0
28366,0
28367,0
28368,0
28369,0
28370,0
28371,0
28372,0
28373,0
28374,0
28375,0
28376,1
28377,0
28378,0
28379,0
28380,0
28381,1
28382,0
28383,0
28384,0
28385,0
28386,0
28387,0
28388,0
28389,0
28390,0
28391,0
28392,0
28393,0
28394,0
28395,0
28396,0
28397,0
28398,1
28399,1
28400,0
28401,0
28402,0
28403,0
28404,0
28405,0
28406,0
28407,0
28408,1
28409,0
28410,0
28411,0
28412,0
28413,1
28414,0
28415,0
28416,0
28417,0
28418,1
28419,0
28420,0
28421,1
28422,0
28423,0
28424,0
28425,0
28426,0
28427,0
28428,0
28429,0
28430,0
28431,0
28432,0
28433,0
28434,0
28435,0
28436,0
28437,1
28438,0
28439,0
28440,0
28441,1
28442,0
28443,0
28444,0
28445,0
28446,0
28447,0
28448,0
28449,1
28450,0
28451,0
28452,1
28453,0
28454,0
28455,0
28456,0
28457,0
28458,0
28459,0
28460,0
28461,0
28462,0
28463,0
28464,0
28465,0
28466,0
28467,0
28468,1
28469,0
28470,0
28471,0
28472,0
28473,0
28474,1
28475,0
28476,0
28477,0
28478,0
28479,0
28480,0
28481,0
28482,0
28483,0
28484,0
28485,1
28486,0
28487,0
28488,0
28489,0
28490,0
28491,0
28492,0
28493,0
28494,0
28495,0
28496,0
28497,0
28498,0
28499,0
28500,0
28501,0
28502,0
28503,1
28504,0
28505,0
28506,0
28507,0
28508,0
28509,0
28510,0
28511,1
28512,0
28513,0
28514,0
28515,0
28516,0
28517,0
28518,0
28519,0
28520,0
28521,0
28522,0
28523,1
28524,0
28525,0
28526,0
28527,0
28528,0
28529,0
28530,0
28531,0
28532,1
28533,0
28534,0
28535,0
28536,0
28537,0
28538,0
28539,0
28540,0
28541,1
28542,0
28543,0
28544,0
28545,0
28546,0
28547,1
28548,0
28549,0
28550,0
28551,0
28552,1
28553,0
28554,0
28555,0
28556,1
28557,1
28558,0
28559,0
28560,0
28561,0
28562,0
28563,0
28564,0
28565,0
28566,1
28567,1
28568,0
28569,0
28570,0
28571,0
28572,0
28573,0
28574,0
28575,0
28576,0
28577,1
28578,0
28579,0
28580,0
28581,0
28582,0
28583,0
28584,1
28585,0
28586,0
28587,0
28588,1
28589,0
28590,0
28591,1
28592,1
28593,0
28594,0
28595,0
28596,0
28597,0
28598,0
28599,0
28600,0
28601,0
28602,0
28603,0
28604,0
28605,0
28606,0
28607,0
28608,0
28609,0
28610,0
28611,0
28612,0
28613,1
28614,0
28615,0
28616,0
28617,0
28618,1
28619,1
28620,1
28621,0
28622,0
28623,0
28624,0
28625,0
28626,0
28627,0
28628,1
28629,0
28630,0
28631,1
28632,1
28633,0
28634,0
28635,0
28636,0
28637,0
28638,0
28639,0
28640,0
28641,1
28642,0
28643,0
28644,0
28645,0
28646,0
28647,0
28648,0
28649,0
28650,0
28651,1
28652,0
28653,0
28654,1
28655,0
28656,0
28657,0
28658,0
28659,0
28660,0
28661,0
28662,0
28663,1
28664,1
28665,0
28666,0
28667,0
28668,0
28669,0
28670,0
28671,0
28672,0
28673,1
28674,0
28675,0
28676,0
28677,0
28678,1
28679,1
28680,1
28681,0
28682,0
28683,0
28684,1
28685,0
28686,0
28687,0
28688,0
28689,0
28690,0
28691,0
28692,0
28693,0
28694,0
28695,0
28696,0
28697,1
28698,0
28699,0
28700,0
28701,0
28702,0
28703,0
28704,0
28705,1
28706,0
28707,0
28708,0
28709,0
28710,1
28711,0
28712,1
28713,0
28714,1
28715,0
28716,0
28717,0
28718,0
28719,0
28720,0
28721,1
28722,0
28723,0
28724,0
28725,0
28726,0
28727,0
28728,0
28729,1
28730,0
28731,1
28732,0
28733,0
28734,1
28735,0
28736,0
28737,0
28738,0
28739,0
28740,0
28741,0
28742,0
28743,0
28744,0
28745,0
28746,1
28747,0
28748,0
28749,0
28750,0
28751,0
28752,1
28753,0
28754,0
28755,0
28756,1
28757,1
28758,0
28759,0
28760,0
28761,0
28762,0
28763,0
28764,0
28765,0
28766,0
28767,0
28768,0
28769,0
28770,0
28771,0
28772,0
28773,0
28774,0
28775,0
28776,0
28777,1
28778,0
28779,0
28780,0
28781,0
28782,0
28783,0
28784,0
28785,0
28786,0
28787,0
28788,1
28789,0
28790,0
28791,0
28792,0
28793,0
28794,0
28795,1
28796,0
28797,0
28798,0
28799,0
28800,1
28801,0
28802,0
28803,0
28804,0
28805,0
28806,0
28807,0
28808,0
28809,1
28810,0
28811,0
28812,0
28813,0
28814,0
28815,0
28816,0
28817,1
28818,1
28819,0
28820,1
28821,0
28822,1
28823,1
28824,0
28825,1
28826,0
28827,1
28828,0
28829,0
28830,0
28831,0
28832,0
28833,0
28834,1
28835,0
28836,1
28837,0
28838,0
28839,0
28840,0
28841,0
28842,0
28843,0
28844,0
28845,0
28846,0
28847,0
28848,1
28849,0
28850,0
28851,0
28852,0
28853,0
28854,0
28855,0
28856,0
28857,1
28858,0
28859,0
28860,0
28861,0
28862,0
28863,1
28864,0
28865,0
28866,0
28867,0
28868,1
28869,0
28870,0
28871,0
28872,0
28873,0
28874,0
28875,0
28876,1
28877,0
28878,0
28879,1
28880,0
28881,0
28882,1
28883,0
28884,0
28885,1
28886,0
28887,0
28888,0
28889,0
28890,0
28891,0
28892,0
28893,0
28894,0
28895,1
28896,1
28897,0
28898,0
28899,1
28900,0
28901,0
28902,0
28903,0
28904,0
28905,0
28906,1
28907,0
28908,0
28909,0
28910,1
28911,0
28912,1
28913,0
28914,0
28915,0
28916,0
28917,0
28918,0
28919,0
28920,1
28921,0
28922,1
28923,0
28924,0
28925,0
28926,0
28927,1
28928,0
28929,0
28930,0
28931,0
28932,0
28933,1
28934,0
28935,0
28936,0
28937,0
28938,0
28939,0
28940,0
28941,0
28942,0
28943,1
28944,0
28945,0
28946,0
28947,0
28948,0
28949,0
28950,1
28951,0
28952,0
28953,0
28954,0
28955,0
28956,1
28957,1
28958,0
28959,0
28960,0
28961,0
28962,0
28963,0
28964,1
28965,0
28966,1
28967,0
28968,0
28969,0
28970,1
28971,0
28972,0
28973,1
28974,0
28975,0
28976,0
28977,1
28978,0
28979,0
28980,0
28981,0
28982,0
28983,0
28984,0
28985,1
28986,0
28987,1
28988,0
28989,0
28990,0
28991,0
28992,1
28993,0
28994,0
28995,0
28996,0
28997,0
28998,0
28999,0
29000,1
29001,1
29002,0
29003,0
29004,0
29005,0
29006,0
29007,0
29008,0
29009,0
29010,0
29011,0
29012,0
29013,0
29014,0
29015,0
29016,0
29017,0
29018,0
29019,1
29020,0
29021,0
29022,0
29023,0
29024,1
29025,0
29026,0
29027,0
29028,1
29029,1
29030,0
29031,0
29032,0
29033,0
29034,0
29035,1
29036,0
29037,0
29038,0
29039,0
29040,0
29041,0
29042,1
29043,0
29044,1
29045,0
29046,0
29047,0
29048,1
29049,1
29050,0
29051,1
29052,1
29053,0
29054,1
29055,0
29056,0
29057,0
29058,0
29059,0
29060,1
29061,0
29062,0
29063,0
29064,0
29065,0
29066,0
29067,0
29068,0
29069,0
29070,0
29071,0
29072,1
29073,0
29074,1
29075,0
29076,0
29077,0
29078,0
29079,0
29080,1
29081,0
29082,0
29083,0
29084,1
29085,0
29086,1
29087,0
29088,1
29089,0
29090,0
29091,0
29092,0
29093,0
29094,1
29095,0
29096,0
29097,0
29098,0
29099,0
29100,1
29101,0
29102,0
29103,1
29104,0
29105,0
29106,1
29107,1
29108,1
29109,0
29110,0
29111,0
29112,0
29113,0
29114,0
29115,0
29116,1
29117,0
29118,1
29119,0
29120,0
29121,0
29122,0
29123,1
29124,1
29125,0
29126,1
29127,0
29128,1
29129,0
29130,0
29131,0
29132,0
29133,0
29134,0
29135,0
29136,1
29137,0
29138,0
29139,0
29140,0
29141,1
29142,0
29143,0
29144,0
29145,1
29146,0
29147,0
29148,0
29149,0
29150,0
29151,1
29152,0
29153,1
29154,0
29155,0
29156,0
29157,0
29158,0
29159,0
29160,0
29161,0
29162,1
29163,0
29164,0
29165,0
29166,1
29167,0
29168,1
29169,0
29170,0
29171,0
29172,0
29173,0
29174,0
29175,0
29176,1
29177,1
29178,0
29179,1
29180,1
29181,1
29182,0
29183,1
29184,0
29185,0
29186,1
29187,0
29188,0
29189,0
29190,0
29191,1
29192,0
29193,1
29194,0
29195,0
29196,0
29197,0
29198,1
29199,0
29200,1
29201,0
29202,0
29203,0
29204,0
29205,1
29206,0
29207,0
29208,0
29209,0
29210,0
29211,0
29212,0
29213,1
29214,1
29215,0
29216,0
29217,1
29218,0
29219,0
29220,1
29221,1
29222,0
29223,0
29224,0
29225,1
29226,0
29227,0
29228,0
29229,1
29230,0
29231,0
29232,0
29233,0
29234,0
29235,0
29236,0
29237,0
29238,1
29239,1
29240,0
29241,0
29242,0
29243,0
29244,0
29245,0
29246,0
29247,0
29248,0
29249,0
29250,0
29251,0
29252,0
29253,1
29254,0
29255,0
29256,0
29257,0
29258,0
29259,0
29260,0
29261,1
29262,0
29263,0
29264,0
29265,0
29266,0
29267,0
29268,0
29269,0
29270,0
29271,0
29272,1
29273,0
29274,0
29275,0
29276,0
29277,0
29278,0
29279,1
29280,0
29281,1
29282,1
29283,0
29284,0
29285,0
29286,0
29287,0
29288,0
29289,0
29290,0
29291,0
29292,1
29293,1
29294,0
29295,0
29296,0
29297,0
29298,0
29299,0
29300,0
29301,0
29302,0
29303,0
29304,1
29305,0
29306,0
29307,0
29308,0
29309,0
29310,0
29311,0
29312,0
29313,0
29314,0
29315,0
29316,0
29317,0
29318,0
29319,0
29320,0
29321,1
29322,0
29323,0
29324,0
29325,0
29326,0
29327,0
29328,0
29329,0
29330,0
29331,1
29332,0
29333,0
29334,0
29335,1
29336,1
29337,0
29338,0
29339,0
29340,0
29341,0
29342,0
29343,0
29344,0
29345,0
29346,0
29347,0
29348,0
29349,0
29350,0
29351,0
29352,0
29353,0
29354,0
29355,0
29356,0
29357,0
29358,0
29359,1
29360,0
29361,0
29362,0
29363,0
29364,0
29365,0
29366,0
29367,0
29368,0
29369,0
29370,0
29371,0
29372,0
29373,0
29374,0
29375,0
29376,0
29377,0
29378,0
29379,0
29380,0
29381,0
29382,0
29383,0
29384,1
29385,0
29386,0
29387,0
29388,1
29389,0
29390,0
29391,0
29392,0
29393,0
29394,0
29395,0
29396,0
29397,0
29398,0
29399,0
29400,1
29401,0
29402,0
29403,0
29404,0
29405,1
29406,0
29407,0
29408,0
29409,0
29410,0
29411,0
29412,0
29413,0
29414,0
29415,0
29416,0
29417,1
29418,0
29419,0
29420,0
29421,0
29422,0
29423,0
29424,0
29425,0
29426,0
29427,0
29428,0
29429,0
29430,0
29431,0
29432,0
29433,0
29434,1
29435,0
29436,0
29437,0
29438,0
29439,0
29440,0
29441,1
29442,1
29443,0
29444,0
29445,0
29446,1
29447,1
29448,0
29449,0
29450,1
29451,0
29452,0
29453,1
29454,0
29455,1
29456,0
29457,0
29458,0
29459,0
29460,1
29461,0
29462,1
29463,0
29464,0
29465,0
29466,0
29467,0
29468,0
29469,0
29470,0
29471,1
29472,0
29473,0
29474,0
29475,0
29476,0
29477,1
29478,1
29479,1
29480,0
29481,0
29482,0
29483,0
29484,0
29485,0
29486,0
29487,0
29488,0
29489,0
29490,0
29491,0
29492,0
29493,0
29494,0
29495,0
29496,1
29497,0
29498,0
29499,0
29500,1
29501,0
29502,0
29503,0
29504,1
29505,0
29506,0
29507,0
29508,0
29509,0
29510,0
29511,1
29512,1
29513,0
29514,0
29515,0
29516,0
29517,1
29518,0
29519,0
29520,1
29521,1
29522,1
29523,1
29524,0
29525,0
29526,0
29527,0
29528,0
29529,0
29530,1
29531,0
29532,0
29533,0
29534,0
29535,0
29536,0
29537,1
29538,0
29539,1
29540,0
29541,0
29542,0
29543,1
29544,0
29545,0
29546,0
29547,1
29548,0
29549,1
29550,0
29551,0
29552,0
29553,1
29554,0
29555,0
29556,0
29557,0
29558,0
29559,0
29560,0
29561,0
29562,0
29563,0
29564,0
29565,1
29566,0
29567,0
29568,0
29569,0
29570,0
29571,0
29572,0
29573,0
29574,0
29575,0
29576,0
29577,0
29578,0
29579,0
29580,0
29581,0
29582,1
29583,0
29584,1
29585,0
29586,0
29587,0
29588,0
29589,1
29590,1
29591,0
29592,0
29593,0
29594,0
29595,0
29596,1
29597,0
29598,0
29599,0
29600,0
29601,0
29602,0
29603,0
29604,0
29605,1
29606,0
29607,0
29608,0
29609,0
29610,0
29611,0
29612,0
29613,1
29614,0
29615,0
29616,0
29617,0
29618,0
29619,0
29620,1
29621,1
29622,0
29623,0
29624,0
29625,0
29626,0
29627,0
29628,0
29629,0
29630,0
29631,0
29632,0
29633,0
29634,0
29635,0
29636,0
29637,0
29638,0
29639,0
29640,1
29641,0
29642,0
29643,0
29644,0
29645,0
29646,0
29647,0
29648,1
29649,0
29650,0
29651,0
29652,0
29653,0
29654,1
29655,0
29656,0
29657,0
29658,0
29659,0
29660,1
29661,0
29662,1
29663,0
29664,0
29665,0
29666,0
29667,1
29668,0
29669,1
29670,0
29671,1
29672,0
29673,0
29674,0
29675,0
29676,0
29677,0
29678,0
29679,0
29680,0
29681,0
29682,0
29683,0
29684,0
29685,0
29686,0
29687,0
29688,0
29689,0
29690,0
29691,0
29692,0
29693,0
29694,0
29695,0
29696,0
29697,0
29698,0
29699,0
29700,0
29701,0
29702,0
29703,0
29704,0
29705,1
29706,0
29707,0
29708,0
29709,0
29710,0
29711,0
29712,0
29713,0
29714,0
29715,0
29716,1
29717,1
29718,0
29719,0
29720,0
29721,0
29722,1
29723,0
29724,0
29725,0
29726,0
29727,0
29728,0
29729,0
29730,0
29731,0
29732,1
29733,0
29734,0
29735,1
29736,0
29737,0
29738,0
29739,0
29740,0
29741,0
29742,0
29743,0
29744,0
29745,0
29746,0
29747,0
29748,0
29749,0
29750,0
29751,0
29752,0
29753,0
29754,0
29755,1
29756,0
29757,0
29758,0
29759,0
29760,0
29761,0
29762,1
29763,0
29764,0
29765,0
29766,0
29767,1
29768,0
29769,0
29770,0
29771,0
29772,1
29773,0
29774,1
29775,0
29776,0
29777,0
29778,0
29779,0
29780,0
29781,0
29782,0
29783,0
29784,0
29785,0
29786,0
29787,0
29788,1
29789,0
29790,0
29791,0
29792,0
29793,0
29794,0
29795,1
29796,0
29797,0
29798,0
29799,0
29800,0
29801,0
29802,0
29803,0
29804,0
29805,0
29806,0
29807,0
29808,0
29809,0
29810,0
29811,0
29812,1
29813,0
29814,0
29815,0
29816,1
29817,0
29818,0
29819,0
29820,0
29821,0
29822,1
29823,0
29824,0
29825,0
29826,0
29827,0
29828,0
29829,0
29830,0
29831,0
29832,0
29833,0
29834,1
29835,1
29836,0
29837,0
29838,1
29839,0
29840,1
29841,0
29842,1
29843,0
29844,0
29845,0
29846,1
29847,0
29848,1
29849,0
29850,1
29851,1
29852,0
29853,0
29854,0
29855,1
29856,0
29857,0
29858,0
29859,0
29860,0
29861,1
29862,0
29863,0
29864,0
29865,0
29866,0
29867,1
29868,0
29869,0
29870,1
29871,0
29872,1
29873,0
29874,0
29875,0
29876,0
29877,0
29878,0
29879,0
29880,0
29881,0
29882,0
29883,0
29884,0
29885,1
29886,0
29887,0
29888,0
29889,0
29890,1
29891,1
29892,0
29893,0
29894,0
29895,0
29896,1
29897,0
29898,0
29899,0
29900,0
29901,0
29902,0
29903,0
29904,0
29905,0
29906,0
29907,0
29908,0
29909,0
29910,0
29911,0
29912,0
29913,0
29914,0
29915,0
29916,0
29917,0
29918,1
29919,0
29920,1
29921,0
29922,0
29923,0
29924,0
29925,0
29926,0
29927,0
29928,0
29929,0
29930,0
29931,0
29932,1
29933,0
29934,0
29935,0
29936,1
29937,0
29938,1
29939,0
29940,0
29941,0
29942,1
29943,0
29944,0
29945,0
29946,0
29947,1
29948,0
29949,0
29950,0
29951,0
29952,0
29953,0
29954,0
29955,0
29956,1
29957,0
29958,0
29959,0
29960,0
29961,0
29962,0
29963,1
29964,1
29965,0
29966,0
29967,1
29968,0
29969,0
29970,0
29971,1
29972,0
29973,0
29974,1
29975,0
29976,0
29977,0
29978,0
29979,0
29980,0
29981,0
29982,0
29983,0
29984,0
29985,0
29986,0
29987,0
29988,0
29989,0
29990,0
29991,0
29992,1
29993,0
29994,0
29995,0
29996,0
29997,0
29998,0
29999,0
30000,0
30001,0
30002,0
30003,0
30004,1
30005,1
30006,0
30007,0
30008,0
30009,1
30010,0
30011,1
30012,0
30013,0
30014,0
30015,0
30016,0
30017,0
30018,1
30019,1
30020,0
30021,0
30022,0
30023,0
30024,1
30025,0
30026,1
30027,0
30028,1
30029,1
30030,0
30031,0
30032,0
30033,1
30034,0
30035,0
30036,0
30037,0
30038,0
30039,0
30040,0
30041,0
30042,0
30043,0
30044,0
30045,0
30046,0
30047,0
30048,0
30049,0
30050,0
30051,1
30052,0
30053,0
30054,0
30055,0
30056,0
30057,0
30058,0
30059,0
30060,0
30061,0
30062,0
30063,0
30064,0
30065,1
30066,1
30067,0
30068,0
30069,0
30070,0
30071,0
30072,0
30073,0
30074,0
30075,0
30076,0
30077,0
30078,0
30079,1
30080,0
30081,0
30082,0
30083,0
30084,0
30085,1
30086,0
30087,0
30088,0
30089,0
30090,0
30091,0
30092,0
30093,0
30094,0
30095,0
30096,0
30097,0
30098,0
30099,0
30100,0
30101,0
30102,0
30103,0
30104,0
30105,0
30106,0
30107,0
30108,1
30109,1
30110,0
30111,0
30112,0
30113,0
30114,0
30115,0
30116,0
30117,0
30118,0
30119,0
30120,0
30121,1
30122,0
30123,0
30124,0
30125,0
30126,0
30127,0
30128,0
30129,0
30130,0
30131,0
30132,1
30133,1
30134,0
30135,0
30136,1
30137,0
30138,0
30139,0
30140,0
30141,1
30142,0
30143,0
30144,0
30145,0
30146,0
30147,0
30148,0
30149,0
30150,0
30151,0
30152,0
30153,0
30154,0
30155,1
30156,0
30157,0
30158,0
30159,0
30160,0
30161,0
30162,0
30163,0
30164,0
30165,0
30166,0
30167,0
30168,0
30169,0
30170,0
30171,0
30172,0
30173,0
30174,0
30175,0
30176,0
30177,0
30178,0
30179,0
30180,0
30181,1
30182,1
30183,0
30184,1
30185,1
30186,0
30187,0
30188,0
30189,0
30190,0
30191,1
30192,0
30193,0
30194,1
30195,0
30196,1
30197,1
30198,0
30199,0
30200,1
30201,0
30202,0
30203,0
30204,1
30205,0
30206,0
30207,0
30208,1
30209,0
30210,0
30211,0
30212,0
30213,0
30214,0
30215,1
30216,0
30217,0
30218,0
30219,0
30220,1
30221,1
30222,0
30223,0
30224,1
30225,0
30226,1
30227,1
30228,1
30229,0
30230,0
30231,0
30232,0
30233,0
30234,0
30235,0
30236,0
30237,0
30238,0
30239,0
30240,0
30241,0
30242,0
30243,0
30244,0
30245,0
30246,0
30247,0
30248,1
30249,0
30250,0
30251,0
30252,1
30253,1
30254,0
30255,0
30256,0
30257,0
30258,0
30259,1
30260,0
30261,0
30262,1
30263,1
30264,0
30265,0
30266,0
30267,0
30268,1
30269,0
30270,0
30271,1
30272,0
30273,0
30274,0
30275,0
30276,0
30277,1
30278,0
30279,0
30280,0
30281,0
30282,0
30283,0
30284,0
30285,0
30286,0
30287,0
30288,0
30289,0
30290,0
30291,0
30292,0
30293,1
30294,0
30295,0
30296,0
30297,1
30298,0
30299,0
30300,0
30301,0
30302,0
30303,0
30304,0
30305,0
30306,1
30307,0
30308,1
30309,0
30310,1
30311,0
30312,0
30313,0
30314,0
30315,0
30316,0
30317,1
30318,0
30319,1
30320,0
30321,1
30322,0
30323,0
30324,0
30325,0
30326,0
30327,0
30328,1
30329,0
30330,1
30331,0
30332,0
30333,0
30334,0
30335,0
30336,0
30337,0
30338,1
30339,0
30340,0
30341,0
30342,0
30343,0
30344,1
30345,0
30346,0
30347,0
30348,0
30349,0
30350,0
30351,0
30352,0
30353,0
30354,0
30355,0
30356,0
30357,0
30358,0
30359,0
30360,0
30361,0
30362,0
30363,0
30364,0
30365,0
30366,0
30367,0
30368,0
30369,0
30370,0
30371,0
30372,0
30373,0
30374,0
30375,0
30376,0
30377,0
30378,0
30379,0
30380,1
30381,0
30382,0
30383,0
30384,0
30385,0
30386,0
30387,0
30388,0
30389,0
30390,0
30391,0
30392,0
30393,0
30394,0
30395,0
30396,1
30397,0
30398,0
30399,0
30400,1
30401,0
30402,0
30403,0
30404,0
30405,0
30406,0
30407,0
30408,0
30409,0
30410,0
30411,0
30412,1
30413,0
30414,1
30415,0
30416,1
30417,0
30418,0
30419,0
30420,1
30421,0
30422,0
30423,0
30424,1
30425,1
30426,0
30427,0
30428,0
30429,0
30430,0
30431,0
30432,0
30433,0
30434,0
30435,0
30436,0
30437,0
30438,0
30439,0
30440,0
30441,0
30442,0
30443,0
30444,0
30445,0
30446,0
30447,0
30448,0
30449,1
30450,0
30451,0
30452,0
30453,0
30454,1
30455,0
30456,1
30457,0
30458,0
30459,0
30460,0
30461,0
30462,1
30463,0
30464,0
30465,0
30466,0
30467,0
30468,0
30469,0
30470,0
30471,0
30472,0
30473,0
30474,0
30475,0
30476,0
30477,1
30478,0
30479,0
30480,0
30481,0
30482,0
30483,1
30484,0
30485,0
30486,0
30487,0
30488,0
30489,0
30490,0
30491,1
30492,0
30493,1
30494,1
30495,0
30496,0
30497,0
30498,0
30499,1
30500,0
30501,1
30502,0
30503,0
30504,1
30505,0
30506,1
30507,0
30508,0
30509,0
30510,0
30511,0
30512,0
30513,1
30514,0
30515,1
30516,0
30517,0
30518,1
30519,0
30520,0
30521,0
30522,0
30523,0
30524,0
30525,1
30526,0
30527,0
30528,0
30529,0
30530,0
30531,0
30532,0
30533,0
30534,0
30535,0
30536,0
30537,0
30538,0
30539,0
30540,0
30541,0
30542,0
30543,0
30544,0
30545,1
30546,0
30547,1
30548,0
30549,1
30550,0
30551,0
30552,0
30553,0
30554,0
30555,1
30556,0
30557,0
30558,0
30559,0
30560,0
30561,0
30562,0
30563,0
30564,0
30565,0
30566,0
30567,0
30568,0
30569,0
30570,0
30571,1
30572,0
30573,0
30574,0
30575,0
30576,1
30577,0
30578,0
30579,0
30580,0
30581,0
30582,0
30583,0
30584,0
30585,0
30586,0
30587,0
30588,0
30589,0
30590,0
30591,0
30592,0
30593,0
30594,0
30595,0
30596,0
30597,0
30598,0
30599,0
30600,0
30601,0
30602,0
30603,1
30604,0
30605,0
30606,0
30607,0
30608,1
30609,0
30610,0
30611,0
30612,0
30613,0
30614,0
30615,0
30616,0
30617,1
30618,0
30619,0
30620,0
30621,0
30622,0
30623,0
30624,0
30625,0
30626,0
30627,0
30628,0
30629,0
30630,0
30631,0
30632,0
30633,0
30634,0
30635,1
30636,0
30637,0
30638,0
30639,0
30640,0
30641,0
30642,0
30643,0
30644,0
30645,0
30646,0
30647,0
30648,0
30649,0
30650,0
30651,0
30652,0
30653,0
30654,0
30655,0
30656,1
30657,1
30658,0
30659,0
30660,1
30661,0
30662,0
30663,0
30664,0
30665,0
30666,0
30667,0
30668,0
30669,0
30670,0
30671,0
30672,0
30673,0
30674,0
30675,0
30676,0
30677,0
30678,0
30679,0
30680,0
30681,0
30682,0
30683,0
30684,0
30685,1
30686,0
30687,0
30688,0
30689,1
30690,0
30691,0
30692,1
30693,0
30694,0
30695,0
30696,0
30697,0
30698,0
30699,0
30700,0
30701,0
30702,0
30703,1
30704,1
30705,0
30706,0
30707,1
30708,0
30709,0
30710,1
30711,0
30712,0
30713,0
30714,0
30715,0
30716,0
30717,1
30718,0
30719,1
30720,0
30721,0
30722,0
30723,0
30724,0
30725,0
30726,0
30727,0
30728,0
30729,0
30730,0
30731,0
30732,0
30733,0
30734,0
30735,0
30736,0
30737,0
30738,0
30739,0
30740,0
30741,0
30742,0
30743,0
30744,1
30745,0
30746,1
30747,0
30748,0
30749,0
30750,0
30751,0
30752,0
30753,0
30754,1
30755,0
30756,0
30757,0
30758,0
30759,0
30760,0
30761,0
30762,1
30763,0
30764,1
30765,0
30766,1
30767,0
30768,0
30769,0
30770,0
30771,1
30772,0
30773,1
30774,0
30775,0
30776,0
30777,0
30778,1
30779,1
30780,0
30781,0
30782,0
30783,0
30784,0
30785,0
30786,0
30787,0
30788,0
30789,0
30790,0
30791,1
30792,0
30793,0
30794,1
30795,0
30796,0
30797,0
30798,1
30799,1
30800,0
30801,0
30802,0
30803,0
30804,0
30805,0
30806,0
30807,0
30808,0
30809,0
30810,1
30811,0
30812,0
30813,1
30814,0
30815,0
30816,0
30817,0
30818,0
30819,1
30820,0
30821,0
30822,0
30823,0
30824,0
30825,0
30826,0
30827,0
30828,0
30829,0
30830,0
30831,0
30832,0
30833,0
30834,0
30835,0
30836,0
30837,0
30838,0
30839,0
30840,0
30841,0
30842,0
30843,0
30844,1
30845,0
30846,1
30847,0
30848,0
30849,0
30850,0
30851,0
30852,0
30853,0
30854,0
30855,0
30856,0
30857,0
30858,0
30859,0
30860,0
30861,0
30862,0
30863,0
30864,0
30865,0
30866,0
30867,1
30868,0
30869,0
30870,0
30871,0
30872,0
30873,0
30874,0
30875,0
30876,0
30877,0
30878,0
30879,0
30880,0
30881,1
30882,0
30883,0
30884,0
30885,0
30886,1
30887,0
30888,0
30889,1
30890,0
30891,0
30892,0
30893,0
30894,1
30895,1
30896,0
30897,0
30898,0
30899,0
30900,0
30901,0
30902,1
30903,0
30904,0
30905,0
30906,0
30907,0
30908,1
30909,0
30910,1
30911,0
30912,1
30913,0
30914,0
30915,0
30916,0
30917,1
30918,0
30919,0
30920,0
30921,0
30922,0
30923,0
30924,0
30925,0
30926,0
30927,0
30928,0
30929,0
30930,0
30931,0
30932,0
30933,0
30934,0
30935,0
30936,0
30937,0
30938,0
30939,0
30940,0
30941,1
30942,0
30943,0
30944,1
30945,1
30946,0
30947,0
30948,0
30949,0
30950,0
30951,0
30952,0
30953,1
30954,0
30955,0
30956,0
30957,0
30958,0
30959,0
30960,0
30961,0
30962,0
30963,0
30964,1
30965,0
30966,0
30967,0
30968,0
30969,1
30970,0
30971,0
30972,0
30973,1
30974,0
30975,0
30976,0
30977,0
30978,0
30979,0
30980,0
30981,0
30982,0
30983,0
30984,0
30985,0
30986,0
30987,0
30988,1
30989,0
30990,0
30991,0
30992,0
30993,0
30994,1
30995,0
30996,0
30997,0
30998,1
30999,0
31000,0
31001,1
31002,0
31003,1
31004,0
31005,0
31006,0
31007,0
31008,0
31009,0
31010,1
31011,1
31012,0
31013,0
31014,0
31015,0
31016,0
31017,0
31018,0
31019,0
31020,0
31021,1
31022,0
31023,0
31024,0
31025,0
31026,0
31027,1
31028,0
31029,0
31030,1
31031,0
31032,0
31033,0
31034,0
31035,0
31036,1
31037,0
31038,0
31039,0
31040,0
31041,0
31042,0
31043,0
31044,0
31045,0
31046,0
31047,0
31048,0
31049,0
31050,1
31051,0
31052,1
31053,0
31054,0
31055,0
31056,0
31057,0
31058,1
31059,0
31060,1
31061,0
31062,0
31063,0
31064,0
31065,0
31066,0
31067,0
31068,0
31069,0
31070,0
31071,0
31072,0
31073,1
31074,0
31075,0
31076,0
31077,0
31078,0
31079,1
31080,0
31081,0
31082,0
31083,0
31084,0
31085,0
31086,0
31087,0
31088,0
31089,0
31090,0
31091,1
31092,0
31093,0
31094,0
31095,0
31096,0
31097,0
31098,0
31099,0
31100,0
31101,0
31102,0
31103,0
31104,0
31105,0
31106,1
31107,0
31108,1
31109,0
31110,0
31111,1
31112,0
31113,0
31114,0
31115,0
31116,0
31117,0
31118,0
31119,0
31120,1
31121,0
31122,1
31123,1
31124,0
31125,0
31126,0
31127,1
31128,1
31129,0
31130,0
31131,0
31132,0
31133,0
31134,1
31135,1
31136,1
31137,0
31138,0
31139,0
31140,0
31141,0
31142,0
31143,0
31144,0
31145,0
31146,0
31147,0
31148,0
31149,0
31150,0
31151,0
31152,1
31153,0
31154,0
31155,1
31156,0
31157,0
31158,0
31159,1
31160,0
31161,0
31162,0
31163,0
31164,0
31165,1
31166,1
31167,0
31168,0
31169,0
31170,0
31171,0
31172,1
31173,0
31174,0
31175,0
31176,0
31177,1
31178,0
31179,0
31180,0
31181,0
31182,0
31183,1
31184,0
31185,0
31186,0
31187,0
31188,0
31189,0
31190,0
31191,1
31192,1
31193,0
31194,0
31195,0
31196,0
31197,0
31198,0
31199,0
31200,0
31201,1
31202,0
31203,0
31204,0
31205,0
31206,0
31207,0
31208,0
31209,0
31210,0
31211,0
31212,1
31213,0
31214,1
31215,1
31216,1
31217,0
31218,0
31219,0
31220,0
31221,0
31222,1
31223,1
31224,0
31225,0
31226,0
31227,0
31228,0
31229,0
31230,0
31231,0
31232,1
31233,0
31234,0
31235,0
31236,0
31237,0
31238,0
31239,1
31240,0
31241,0
31242,0
31243,0
31244,0
31245,0
31246,1
31247,0
31248,0
31249,0
31250,1
31251,0
31252,0
31253,1
31254,0
31255,0
31256,0
31257,0
31258,0
31259,0
31260,0
31261,0
31262,1
31263,0
31264,0
31265,1
31266,0
31267,0
31268,0
31269,0
31270,0
31271,0
31272,1
31273,0
31274,0
31275,0
31276,0
31277,0
31278,0
31279,0
31280,0
31281,0
31282,0
31283,0
31284,0
31285,1
31286,0
31287,0
31288,1
31289,0
31290,0
31291,0
31292,1
31293,0
31294,0
31295,0
31296,0
31297,0
31298,0
31299,0
31300,0
31301,0
31302,0
31303,0
31304,0
31305,0
31306,0
31307,0
31308,0
31309,1
31310,0
31311,0
31312,0
31313,1
31314,0
31315,0
31316,1
31317,1
31318,1
31319,1
31320,0
31321,0
31322,1
31323,0
31324,0
31325,0
31326,0
31327,0
31328,0
31329,0
31330,0
31331,0
31332,0
31333,0
31334,0
31335,1
31336,0
31337,0
31338,0
31339,0
31340,0
31341,1
31342,0
31343,0
31344,0
31345,1
31346,1
31347,0
31348,0
31349,0
31350,0
31351,0
31352,0
31353,0
31354,0
31355,0
31356,0
31357,0
31358,0
31359,0
31360,0
31361,0
31362,0
31363,0
31364,0
31365,0
31366,0
31367,0
31368,1
31369,0
31370,0
31371,0
31372,0
31373,0
31374,0
31375,0
31376,0
31377,0
31378,0
31379,0
31380,0
31381,0
31382,0
31383,0
31384,0
31385,1
31386,0
31387,0
31388,0
31389,0
31390,0
31391,0
31392,1
31393,0
31394,0
31395,0
31396,1
31397,1
31398,0
31399,0
31400,0
31401,0
31402,0
31403,0
31404,0
31405,0
31406,0
31407,0
31408,0
31409,0
31410,1
31411,0
31412,0
31413,1
31414,0
31415,1
31416,0
31417,0
31418,0
31419,0
31420,0
31421,0
31422,0
31423,1
31424,0
31425,0
31426,0
31427,0
31428,0
31429,0
31430,1
31431,0
31432,0
31433,0
31434,1
31435,0
31436,0
31437,0
31438,0
31439,0
31440,0
31441,0
31442,1
31443,1
31444,0
31445,0
31446,0
31447,1
31448,1
31449,0
31450,0
31451,0
31452,0
31453,0
31454,0
31455,0
31456,0
31457,0
31458,1
31459,0
31460,0
31461,0
31462,0
31463,0
31464,0
31465,0
31466,0
31467,0
31468,0
31469,0
31470,1
31471,1
31472,0
31473,0
31474,0
31475,0
31476,0
31477,0
31478,0
31479,0
31480,0
31481,0
31482,0
31483,0
31484,0
31485,0
31486,0
31487,0
31488,0
31489,1
31490,0
31491,0
31492,0
31493,0
31494,0
31495,1
31496,0
31497,0
31498,0
31499,0
31500,1
31501,0
31502,0
31503,0
31504,1
31505,0
31506,0
31507,0
31508,0
31509,0
31510,0
31511,0
31512,0
31513,0
31514,0
31515,0
31516,0
31517,0
31518,0
31519,0
31520,0
31521,0
31522,1
31523,0
31524,0
31525,0
31526,0
31527,0
31528,0
31529,1
31530,1
31531,0
31532,0
31533,1
31534,0
31535,1
31536,0
31537,0
31538,1
31539,0
31540,0
31541,0
31542,0
31543,0
31544,0
31545,0
31546,0
31547,0
31548,0
31549,1
31550,0
31551,0
31552,0
31553,0
31554,0
31555,0
31556,0
31557,0
31558,0
31559,0
31560,0
31561,0
31562,0
31563,0
31564,0
31565,0
31566,0
31567,0
31568,0
31569,0
31570,0
31571,0
31572,0
31573,0
31574,0
31575,1
31576,0
31577,0
31578,0
31579,0
31580,0
31581,0
31582,0
31583,0
31584,1
31585,1
31586,1
31587,0
31588,0
31589,0
31590,0
31591,0
31592,0
31593,0
31594,0
31595,0
31596,1
31597,0
31598,0
31599,0
31600,0
31601,0
31602,0
31603,0
31604,1
31605,0
31606,0
31607,0
31608,0
31609,0
31610,0
31611,0
31612,0
31613,0
31614,1
31615,0
31616,0
31617,0
31618,0
31619,1
31620,0
31621,0
31622,0
31623,0
31624,0
31625,0
31626,0
31627,0
31628,1
31629,0
31630,0
31631,1
31632,0
31633,0
31634,0
31635,0
31636,0
31637,0
31638,0
31639,0
31640,0
31641,0
31642,0
31643,0
31644,0
31645,0
31646,0
31647,0
31648,0
31649,1
31650,0
31651,0
31652,0
31653,1
31654,0
31655,0
31656,0
31657,1
31658,0
31659,0
31660,0
31661,0
31662,0
31663,1
31664,0
31665,0
31666,0
31667,0
31668,0
31669,0
31670,0
31671,0
31672,0
31673,0
31674,0
31675,0
31676,1
31677,0
31678,0
31679,0
31680,0
31681,0
31682,0
31683,0
31684,0
31685,0
31686,0
31687,1
31688,1
31689,0
31690,0
31691,0
31692,0
31693,1
31694,1
31695,1
31696,0
31697,0
31698,1
31699,0
31700,0
31701,0
31702,0
31703,0
31704,0
31705,0
31706,0
31707,1
31708,0
31709,1
31710,0
31711,0
31712,0
31713,0
31714,0
31715,0
31716,0
31717,1
31718,0
31719,0
31720,0
31721,0
31722,1
31723,0
31724,0
31725,0
31726,1
31727,1
31728,0
31729,0
31730,0
31731,1
31732,0
31733,0
31734,0
31735,0
31736,0
31737,0
31738,0
31739,1
31740,0
31741,1
31742,0
31743,0
31744,0
31745,0
31746,0
31747,0
31748,0
31749,0
31750,1
31751,0
31752,0
31753,1
31754,0
31755,0
31756,0
31757,0
31758,1
31759,0
31760,0
31761,0
31762,0
31763,0
31764,1
31765,0
31766,0
31767,0
31768,1
31769,0
31770,1
31771,0
31772,1
31773,0
31774,0
31775,0
31776,0
31777,0
31778,0
31779,0
31780,0
31781,1
31782,0
31783,0
31784,0
31785,0
31786,1
31787,0
31788,1
31789,0
31790,0
31791,0
31792,0
31793,0
31794,0
31795,0
31796,0
31797,0
31798,1
31799,0
31800,0
31801,1
31802,0
31803,0
31804,0
31805,0
31806,1
31807,0
31808,0
31809,0
31810,0
31811,0
31812,0
31813,0
31814,0
31815,0
31816,0
31817,0
31818,0
31819,0
31820,0
31821,0
31822,0
31823,0
31824,0
31825,0
31826,1
31827,0
31828,1
31829,0
31830,0
31831,0
31832,0
31833,1
31834,0
31835,1
31836,0
31837,0
31838,0
31839,0
31840,0
31841,0
31842,0
31843,1
31844,0
31845,0
31846,1
31847,0
31848,1
31849,0
31850,0
31851,1
31852,0
31853,1
31854,0
31855,0
31856,0
31857,0
31858,0
31859,0
31860,0
31861,1
31862,1
31863,0
31864,0
31865,0
31866,0
31867,0
31868,0
31869,0
31870,0
31871,0
31872,0
31873,0
31874,0
31875,0
31876,0
31877,0
31878,0
31879,0
31880,0
31881,0
31882,0
31883,0
31884,1
31885,0
31886,0
31887,0
31888,0
31889,0
31890,0
31891,1
31892,1
31893,0
31894,0
31895,0
31896,1
31897,1
31898,0
31899,0
31900,1
31901,0
31902,0
31903,0
31904,0
31905,0
31906,0
31907,0
31908,0
31909,0
31910,0
31911,0
31912,1
31913,0
31914,0
31915,0
31916,0
31917,0
31918,0
31919,1
31920,0
31921,1
31922,0
31923,0
31924,0
31925,1
31926,0
31927,0
31928,0
31929,0
31930,0
31931,0
31932,0
31933,0
31934,0
31935,0
31936,0
31937,0
31938,1
31939,0
31940,0
31941,0
31942,0
31943,0
31944,1
31945,0
31946,0
31947,0
31948,1
31949,0
31950,0
31951,0
31952,0
31953,0
31954,0
31955,0
31956,0
31957,0
31958,0
31959,0
31960,0
31961,0
31962,0
31963,0
31964,0
31965,0
31966,0
31967,0
31968,1
31969,0
31970,0
31971,0
31972,0
31973,0
31974,1
31975,0
31976,1
31977,1
31978,0
31979,0
31980,0
31981,1
31982,0
31983,0
31984,1
31985,1
31986,0
31987,0
31988,1
31989,1
31990,0
31991,0
31992,0
31993,0
31994,1
31995,0
31996,0
31997,0
31998,0
31999,0
32000,1
32001,1
32002,0
32003,0
32004,0
32005,1
32006,0
32007,0
32008,0
32009,0
32010,0
32011,0
32012,0
32013,0
32014,0
32015,0
32016,0
32017,0
32018,0
32019,0
32020,0
32021,1
32022,0
32023,0
32024,0
32025,0
32026,1
32027,0
32028,0
32029,0
32030,0
32031,1
32032,0
32033,0
32034,0
32035,0
32036,0
32037,0
32038,0
32039,0
32040,0
32041,0
32042,0
32043,0
32044,0
32045,0
32046,1
32047,0
32048,1
32049,0
32050,0
32051,0
32052,0
32053,0
32054,0
32055,0
32056,0
32057,0
32058,0
32059,1
32060,1
32061,0
32062,0
32063,0
32064,0
32065,0
32066,0
32067,0
32068,0
32069,0
32070,0
32071,0
32072,0
32073,0
32074,0
32075,0
32076,0
32077,0
32078,0
32079,0
32080,0
32081,0
32082,0
32083,1
32084,0
32085,0
32086,1
32087,0
32088,0
32089,0
32090,0
32091,0
32092,0
32093,0
32094,0
32095,0
32096,0
32097,0
32098,0
32099,0
32100,1
32101,0
32102,0
32103,0
32104,0
32105,0
32106,0
32107,0
32108,1
32109,1
32110,0
32111,0
32112,0
32113,0
32114,0
32115,0
32116,0
32117,0
32118,0
32119,1
32120,1
32121,0
32122,0
32123,0
32124,0
32125,0
32126,0
32127,0
32128,0
32129,0
32130,1
32131,0
32132,0
32133,1
32134,0
32135,0
32136,0
32137,0
32138,0
32139,0
32140,0
32141,0
32142,1
32143,0
32144,0
32145,1
32146,0
32147,1
32148,0
32149,0
32150,0
32151,0
32152,0
32153,0
32154,0
32155,0
32156,1
32157,0
32158,0
32159,0
32160,0
32161,1
32162,0
32163,0
32164,0
32165,0
32166,1
32167,0
32168,0
32169,0
32170,0
32171,0
32172,0
32173,0
32174,0
32175,0
32176,0
32177,0
32178,1
32179,0
32180,0
32181,1
32182,0
32183,0
32184,0
32185,0
32186,0
32187,0
32188,0
32189,0
32190,0
32191,0
32192,0
32193,0
32194,0
32195,0
32196,0
32197,0
32198,0
32199,0
32200,1
32201,0
32202,0
32203,0
32204,0
32205,0
32206,0
32207,0
32208,1
32209,1
32210,0
32211,0
32212,0
32213,0
32214,0
32215,0
32216,1
32217,0
32218,0
32219,0
32220,0
32221,0
32222,0
32223,0
32224,0
32225,0
32226,0
32227,0
32228,1
32229,0
32230,1
32231,0
32232,0
32233,1
32234,0
32235,0
32236,0
32237,1
32238,0
32239,0
32240,0
32241,0
32242,0
32243,0
32244,0
32245,0
32246,0
32247,0
32248,0
32249,0
32250,0
32251,0
32252,0
32253,0
32254,0
32255,1
32256,0
32257,0
32258,0
32259,0
32260,0
32261,0
32262,0
32263,0
32264,0
32265,0
32266,0
32267,0
32268,0
32269,0
32270,0
32271,0
32272,0
32273,1
32274,0
32275,0
32276,0
32277,0
32278,0
32279,0
32280,0
32281,1
32282,0
32283,0
32284,0
32285,0
32286,0
32287,0
32288,0
32289,0
32290,0
32291,0
32292,0
32293,1
32294,0
32295,0
32296,1
32297,1
32298,0
32299,1
32300,0
32301,0
32302,0
32303,0
32304,0
32305,0
32306,1
32307,0
32308,0
32309,1
32310,0
32311,0
32312,0
32313,0
32314,1
32315,0
32316,0
32317,0
32318,0
32319,0
32320,0
32321,0
32322,0
32323,0
32324,0
32325,0
32326,0
32327,0
32328,0
32329,0
32330,0
32331,0
32332,0
32333,0
32334,0
32335,0
32336,0
32337,0
32338,0
32339,0
32340,0
32341,0
32342,0
32343,1
32344,0
32345,0
32346,0
32347,0
32348,0
32349,0
32350,0
32351,0
32352,0
32353,0
32354,0
32355,0
32356,0
32357,1
32358,1
32359,1
32360,0
32361,0
32362,0
32363,0
32364,0
32365,0
32366,0
32367,0
32368,0
32369,0
32370,0
32371,0
32372,0
32373,1
32374,0
32375,0
32376,0
32377,0
32378,0
32379,0
32380,0
32381,0
32382,0
32383,0
32384,0
32385,1
32386,0
32387,0
32388,1
32389,0
32390,1
32391,1
32392,0
32393,0
32394,0
32395,0
32396,0
32397,0
32398,0
32399,0
32400,0
32401,0
32402,0
32403,1
32404,0
32405,0
32406,0
32407,1
32408,1
32409,0
32410,1
32411,0
32412,0
32413,1
32414,0
32415,0
32416,0
32417,0
32418,1
32419,0
32420,0
32421,0
32422,0
32423,0
32424,0
32425,0
32426,0
32427,0
32428,0
32429,0
32430,0
32431,0
32432,0
32433,0
32434,0
32435,0
32436,0
32437,0
32438,0
32439,0
32440,0
32441,0
32442,1
32443,1
32444,0
32445,0
32446,0
32447,0
32448,0
32449,0
32450,0
32451,0
32452,1
32453,1
32454,1
32455,1
32456,0
32457,0
32458,0
32459,0
32460,0
32461,0
32462,0
32463,0
32464,0
32465,0
32466,0
32467,0
32468,0
32469,0
32470,0
32471,0
32472,1
32473,0
32474,0
32475,0
32476,0
32477,0
32478,0
32479,0
32480,0
32481,0
32482,0
32483,1
32484,1
32485,1
32486,0
32487,1
32488,1
32489,1
32490,0
32491,0
32492,0
32493,0
32494,0
32495,0
32496,1
32497,0
32498,0
32499,0
32500,0
32501,0
32502,0
32503,0
32504,0
32505,0
32506,0
32507,0
32508,0
32509,0
32510,0
32511,0
32512,0
32513,0
32514,0
32515,0
32516,0
32517,0
32518,0
32519,0
32520,1
32521,0
32522,0
32523,0
32524,0
32525,0
32526,0
32527,0
32528,1
32529,0
32530,0
32531,0
32532,0
32533,0
32534,0
32535,1
32536,0
32537,0
32538,0
32539,0
32540,0
32541,0
32542,0
32543,0
32544,0
32545,0
32546,0
32547,0
32548,0
32549,0
32550,0
32551,0
32552,0
32553,0
32554,0
32555,0
32556,1
32557,0
32558,0
32559,0
32560,0
32561,0
