id,target
22562,0
22563,0
22564,0
22565,1
22566,0
22567,0
22568,0
22569,0
22570,1
22571,1
22572,0
22573,0
22574,1
22575,0
22576,1
22577,0
22578,0
22579,1
22580,0
22581,1
22582,0
22583,0
22584,0
22585,0
22586,0
22587,0
22588,0
22589,0
22590,0
22591,1
22592,1
22593,1
22594,1
22595,0
22596,0
22597,1
22598,0
22599,0
22600,1
22601,1
22602,0
22603,0
22604,0
22605,0
22606,0
22607,0
22608,0
22609,0
22610,0
22611,0
22612,1
22613,0
22614,1
22615,1
22616,0
22617,0
22618,0
22619,0
22620,0
22621,1
22622,0
22623,0
22624,0
22625,0
22626,0
22627,0
22628,0
22629,0
22630,0
22631,1
22632,0
22633,0
22634,0
22635,1
22636,0
22637,0
22638,0
22639,0
22640,0
22641,1
22642,0
22643,0
22644,1
22645,0
22646,0
22647,0
22648,0
22649,0
22650,0
22651,0
22652,0
22653,0
22654,0
22655,0
22656,0
22657,0
22658,1
22659,0
22660,0
22661,0
22662,1
22663,0
22664,1
22665,0
22666,1
22667,0
22668,1
22669,1
22670,0
22671,0
22672,1
22673,0
22674,0
22675,0
22676,0
22677,0
22678,0
22679,0
22680,0
22681,0
22682,0
22683,0
22684,0
22685,1
22686,0
22687,0
22688,0
22689,0
22690,0
22691,0
22692,1
22693,0
22694,0
22695,0
22696,0
22697,1
22698,1
22699,0
22700,0
22701,0
22702,0
22703,1
22704,0
22705,1
22706,0
22707,0
22708,0
22709,1
22710,0
22711,0
22712,1
22713,0
22714,1
22715,0
22716,1
22717,1
22718,0
22719,0
22720,0
22721,1
22722,0
22723,1
22724,1
22725,0
22726,0
22727,0
22728,0
22729,0
22730,0
22731,0
22732,0
22733,0
22734,0
22735,0
22736,1
22737,0
22738,0
22739,0
22740,0
22741,0
22742,0
22743,0
22744,0
22745,0
22746,0
22747,0
22748,0
22749,1
22750,1
22751,0
22752,0
22753,0
22754,0
22755,1
22756,0
22757,0
22758,0
22759,1
22760,0
22761,0
22762,1
22763,0
22764,0
22765,0
22766,0
22767,0
22768,1
22769,0
22770,0
22771,0
22772,0
22773,0
22774,0
22775,0
22776,0
22777,0
22778,0
22779,0
22780,0
22781,0
22782,0
22783,0
22784,0
22785,0
22786,0
22787,0
22788,1
22789,0
22790,0
22791,0
22792,1
22793,1
22794,1
22795,0
22796,0
22797,0
22798,0
22799,0
22800,0
22801,0
22802,0
22803,0
22804,0
22805,0
22806,0
22807,0
22808,0
22809,1
22810,0
22811,0
22812,1
22813,1
22814,0
22815,0
22816,0
22817,0
22818,0
22819,0
22820,0
22821,0
22822,1
22823,0
22824,0
22825,0
22826,0
22827,0
22828,1
22829,0
22830,1
22831,0
22832,0
22833,0
22834,0
22835,0
22836,0
22837,0
22838,0
22839,0
22840,0
22841,1
22842,0
22843,0
22844,0
22845,0
22846,1
22847,1
22848,1
22849,0
22850,0
22851,0
22852,0
22853,0
22854,0
22855,1
22856,0
22857,0
22858,0
22859,0
22860,0
22861,0
22862,0
22863,1
22864,0
22865,0
22866,0
22867,0
22868,1
22869,0
22870,0
22871,0
22872,0
22873,0
22874,0
22875,0
22876,0
22877,1
22878,0
22879,0
22880,0
22881,0
22882,0
22883,1
22884,0
22885,0
22886,0
22887,0
22888,0
22889,0
22890,0
22891,1
22892,0
22893,0
22894,0
22895,0
22896,0
22897,0
22898,0
22899,0
22900,0
22901,0
22902,0
22903,0
22904,0
22905,0
22906,1
22907,1
22908,0
22909,0
22910,0
22911,1
22912,0
22913,0
22914,1
22915,1
22916,0
22917,0
22918,0
22919,0
22920,0
22921,0
22922,0
22923,0
22924,0
22925,1
22926,1
22927,0
22928,0
22929,0
22930,0
22931,0
22932,0
22933,0
22934,1
22935,0
22936,0
22937,1
22938,0
22939,0
22940,0
22941,0
22942,0
22943,0
22944,1
22945,0
22946,0
22947,0
22948,1
22949,1
22950,0
22951,0
22952,0
22953,0
22954,1
22955,0
22956,0
22957,0
22958,0
22959,0
22960,0
22961,0
22962,0
22963,0
22964,0
22965,0
22966,0
22967,0
22968,0
22969,1
22970,1
22971,1
22972,1
22973,0
22974,0
22975,0
22976,0
22977,0
22978,0
22979,0
22980,0
22981,0
22982,0
22983,0
22984,0
22985,1
22986,1
22987,0
22988,0
22989,0
22990,0
22991,0
22992,1
22993,0
22994,0
22995,0
22996,0
22997,0
22998,0
22999,0
23000,0
23001,0
23002,0
23003,1
23004,0
23005,1
23006,1
23007,0
23008,0
23009,1
23010,0
23011,0
23012,1
23013,0
23014,0
23015,0
23016,1
23017,1
23018,1
23019,0
23020,0
23021,0
23022,0
23023,0
23024,0
23025,0
23026,0
23027,0
23028,0
23029,0
23030,0
23031,0
23032,0
23033,0
23034,0
23035,0
23036,0
23037,0
23038,0
23039,0
23040,0
23041,1
23042,1
23043,0
23044,0
23045,0
23046,0
23047,0
23048,0
23049,0
23050,0
23051,0
23052,0
23053,1
23054,0
23055,0
23056,1
23057,0
23058,0
23059,1
23060,0
23061,0
23062,1
23063,0
23064,0
23065,0
23066,0
23067,0
23068,0
23069,0
23070,0
23071,0
23072,0
23073,0
23074,0
23075,0
23076,0
23077,0
23078,0
23079,1
23080,0
23081,1
23082,0
23083,0
23084,0
23085,0
23086,0
23087,1
23088,1
23089,0
23090,1
23091,0
23092,0
23093,0
23094,0
23095,0
23096,0
23097,0
23098,0
23099,0
23100,0
23101,0
23102,1
23103,0
23104,0
23105,0
23106,0
23107,0
23108,0
23109,0
23110,0
23111,0
23112,0
23113,0
23114,1
23115,0
23116,0
23117,0
23118,0
23119,0
23120,0
23121,0
23122,0
23123,0
23124,0
23125,0
23126,0
23127,0
23128,0
23129,0
23130,0
23131,1
23132,0
23133,0
23134,0
23135,0
23136,0
23137,0
23138,0
23139,0
23140,0
23141,0
23142,0
23143,0
23144,0
23145,0
23146,0
23147,0
23148,0
23149,0
23150,0
23151,0
23152,0
23153,0
23154,0
23155,0
23156,0
23157,0
23158,0
23159,0
23160,0
23161,0
23162,0
23163,0
23164,0
23165,1
23166,0
23167,0
23168,1
23169,0
23170,0
23171,0
23172,0
23173,0
23174,0
23175,0
23176,0
23177,0
23178,1
23179,0
23180,0
23181,0
23182,1
23183,0
23184,0
23185,0
23186,0
23187,0
23188,0
23189,0
23190,0
23191,1
23192,0
23193,0
23194,0
23195,1
23196,0
23197,1
23198,0
23199,0
23200,0
23201,1
23202,0
23203,0
23204,0
23205,0
23206,0
23207,0
23208,0
23209,0
23210,1
23211,0
23212,0
23213,0
23214,0
23215,0
23216,0
23217,0
23218,0
23219,0
23220,0
23221,0
23222,0
23223,1
23224,0
23225,1
23226,1
23227,0
23228,0
23229,0
23230,0
23231,0
23232,1
23233,0
23234,0
23235,0
23236,0
23237,1
23238,0
23239,0
23240,0
23241,0
23242,0
23243,0
23244,0
23245,0
23246,0
23247,0
23248,0
23249,0
23250,1
23251,0
23252,0
23253,0
23254,0
23255,0
23256,1
23257,1
23258,0
23259,0
23260,0
23261,1
23262,0
23263,1
23264,0
23265,0
23266,0
23267,1
23268,0
23269,0
23270,0
23271,0
23272,0
23273,0
23274,0
23275,0
23276,0
23277,0
23278,0
23279,1
23280,0
23281,1
23282,0
23283,0
23284,0
23285,0
23286,0
23287,0
23288,0
23289,0
23290,0
23291,1
23292,0
23293,0
23294,0
23295,0
23296,1
23297,0
23298,0
23299,0
23300,0
23301,0
23302,0
23303,0
23304,1
23305,0
23306,1
23307,0
23308,0
23309,1
23310,0
23311,1
23312,0
23313,1
23314,0
23315,0
23316,0
23317,0
23318,1
23319,0
23320,0
23321,0
23322,0
23323,0
23324,0
23325,1
23326,0
23327,0
23328,0
23329,0
23330,0
23331,0
23332,0
23333,0
23334,0
23335,0
23336,0
23337,0
23338,0
23339,0
23340,0
23341,0
23342,0
23343,0
23344,1
23345,1
23346,0
23347,0
23348,0
23349,0
23350,0
23351,0
23352,0
23353,0
23354,0
23355,1
23356,0
23357,0
23358,0
23359,1
23360,0
23361,0
23362,0
23363,0
23364,0
23365,0
23366,0
23367,1
23368,0
23369,1
23370,0
23371,1
23372,0
23373,0
23374,0
23375,0
23376,0
23377,0
23378,0
23379,1
23380,0
23381,0
23382,1
23383,1
23384,0
23385,0
23386,0
23387,0
23388,0
23389,1
23390,0
23391,0
23392,1
23393,0
23394,0
23395,0
23396,0
23397,1
23398,0
23399,0
23400,0
23401,0
23402,0
23403,0
23404,1
23405,1
23406,0
23407,0
23408,0
23409,0
23410,0
23411,0
23412,1
23413,0
23414,0
23415,0
23416,0
23417,0
23418,1
23419,1
23420,1
23421,1
23422,0
23423,1
23424,1
23425,0
23426,0
23427,0
23428,0
23429,0
23430,1
23431,0
23432,0
23433,0
23434,0
23435,0
23436,0
23437,0
23438,0
23439,0
23440,1
23441,0
23442,1
23443,0
23444,0
23445,0
23446,0
23447,0
23448,0
23449,0
23450,0
23451,0
23452,0
23453,1
23454,0
23455,0
23456,0
23457,0
23458,0
23459,0
23460,1
23461,0
23462,0
23463,0
23464,0
23465,1
23466,0
23467,0
23468,1
23469,0
23470,0
23471,0
23472,0
23473,0
23474,0
23475,1
23476,0
23477,0
23478,0
23479,0
23480,1
23481,0
23482,0
23483,0
23484,0
23485,0
23486,0
23487,0
23488,0
23489,0
23490,0
23491,0
23492,1
23493,0
23494,0
23495,0
23496,0
23497,0
23498,0
23499,1
23500,0
23501,0
23502,0
23503,0
23504,0
23505,0
23506,1
23507,0
23508,0
23509,0
23510,1
23511,0
23512,1
23513,0
23514,0
23515,0
23516,0
23517,0
23518,0
23519,1
23520,1
23521,0
23522,0
23523,0
23524,1
23525,0
23526,0
23527,0
23528,1
23529,0
23530,0
23531,0
23532,0
23533,0
23534,0
23535,0
23536,0
23537,0
23538,0
23539,0
23540,0
23541,0
23542,0
23543,0
23544,0
23545,0
23546,0
23547,1
23548,0
23549,1
23550,0
23551,0
23552,0
23553,0
23554,1
23555,1
23556,0
23557,0
23558,0
23559,0
23560,0
23561,0
23562,0
23563,1
23564,1
23565,0
23566,0
23567,0
23568,1
23569,0
23570,1
23571,1
23572,1
23573,0
23574,0
23575,0
23576,0
23577,0
23578,0
23579,1
23580,0
23581,1
23582,0
23583,0
23584,0
23585,0
23586,0
23587,0
23588,0
23589,0
23590,1
23591,1
23592,0
23593,0
23594,0
23595,0
23596,0
23597,0
23598,0
23599,1
23600,1
23601,1
23602,0
23603,0
23604,0
23605,0
23606,0
23607,0
23608,0
23609,0
23610,0
23611,0
23612,0
23613,0
23614,1
23615,0
23616,0
23617,0
23618,0
23619,1
23620,0
23621,0
23622,0
23623,0
23624,0
23625,0
23626,0
23627,0
23628,0
23629,0
23630,0
23631,0
23632,0
23633,0
23634,0
23635,0
23636,0
23637,0
23638,0
23639,1
23640,0
23641,0
23642,1
23643,0
23644,0
23645,0
23646,0
23647,0
23648,0
23649,0
23650,1
23651,1
23652,1
23653,0
23654,0
23655,0
23656,0
23657,0
23658,0
23659,0
23660,0
23661,0
23662,1
23663,0
23664,1
23665,1
23666,0
23667,0
23668,0
23669,0
23670,0
23671,0
23672,0
23673,1
23674,0
23675,0
23676,0
23677,0
23678,0
23679,1
23680,0
23681,0
23682,1
23683,1
23684,0
23685,0
23686,1
23687,0
23688,0
23689,0
23690,0
23691,0
23692,0
23693,0
23694,0
23695,0
23696,0
23697,0
23698,0
23699,0
23700,0
23701,0
23702,1
23703,0
23704,0
23705,0
23706,0
23707,1
23708,0
23709,1
23710,1
23711,0
23712,0
23713,1
23714,1
23715,0
23716,0
23717,0
23718,0
23719,0
23720,0
23721,0
23722,1
23723,0
23724,0
23725,0
23726,1
23727,1
23728,0
23729,0
23730,0
23731,0
23732,0
23733,0
23734,1
23735,0
23736,1
23737,1
23738,0
23739,0
23740,0
23741,0
23742,0
23743,0
23744,0
23745,0
23746,0
23747,0
23748,0
23749,0
23750,0
23751,1
23752,0
23753,1
23754,0
23755,0
23756,0
23757,1
23758,0
23759,0
23760,0
23761,1
23762,0
23763,0
23764,0
23765,0
23766,0
23767,0
23768,0
23769,1
23770,1
23771,0
23772,0
23773,0
23774,0
23775,0
23776,0
23777,0
23778,0
23779,0
23780,0
23781,0
23782,0
23783,0
23784,1
23785,0
23786,0
23787,0
23788,0
23789,0
23790,1
23791,0
23792,0
23793,1
23794,0
23795,0
23796,0
23797,1
23798,0
23799,0
23800,0
23801,0
23802,0
23803,0
23804,0
23805,0
23806,0
23807,0
23808,0
23809,0
23810,0
23811,0
23812,0
23813,0
23814,0
23815,1
23816,1
23817,0
23818,0
23819,0
23820,0
23821,0
23822,0
23823,0
23824,0
23825,0
23826,0
23827,0
23828,0
23829,0
23830,0
23831,0
23832,0
23833,0
23834,0
23835,0
23836,0
23837,0
23838,0
23839,0
23840,1
23841,0
23842,1
23843,0
23844,0
23845,1
23846,1
23847,0
23848,0
23849,0
23850,1
23851,0
23852,0
23853,1
23854,0
23855,1
23856,0
23857,0
23858,0
23859,0
23860,0
23861,0
23862,0
23863,0
23864,0
23865,0
23866,0
23867,0
23868,1
23869,1
23870,0
23871,0
23872,0
23873,1
23874,1
23875,1
23876,0
23877,0
23878,1
23879,1
23880,1
23881,0
23882,0
23883,0
23884,0
23885,0
23886,0
23887,0
23888,0
23889,0
23890,1
23891,1
23892,0
23893,1
23894,0
23895,0
23896,0
23897,1
23898,1
23899,0
23900,0
23901,0
23902,0
23903,0
23904,0
23905,0
23906,0
23907,0
23908,0
23909,0
23910,0
23911,0
23912,0
23913,0
23914,0
23915,0
23916,0
23917,1
23918,0
23919,0
23920,1
23921,0
23922,0
23923,0
23924,0
23925,0
23926,0
23927,0
23928,0
23929,1
23930,0
23931,0
23932,0
23933,0
23934,0
23935,1
23936,0
23937,0
23938,0
23939,1
23940,0
23941,0
23942,0
23943,1
23944,0
23945,0
23946,0
23947,0
23948,0
23949,0
23950,0
23951,0
23952,0
23953,1
23954,0
23955,0
23956,0
23957,0
23958,0
23959,0
23960,0
23961,0
23962,1
23963,1
23964,0
23965,0
23966,1
23967,0
23968,0
23969,1
23970,0
23971,1
23972,0
23973,0
23974,0
23975,0
23976,0
23977,0
23978,0
23979,0
23980,1
23981,0
23982,0
23983,0
23984,0
23985,0
23986,0
23987,1
23988,1
23989,0
23990,1
23991,0
23992,0
23993,1
23994,0
23995,1
23996,0
23997,0
23998,0
23999,1
24000,1
24001,0
24002,0
24003,0
24004,0
24005,0
24006,0
24007,0
24008,1
24009,1
24010,0
24011,1
24012,0
24013,0
24014,0
24015,1
24016,1
24017,0
24018,0
24019,1
24020,0
24021,0
24022,0
24023,0
24024,0
24025,0
24026,1
24027,0
24028,0
24029,1
24030,0
24031,0
24032,0
24033,0
24034,0
24035,1
24036,0
24037,1
24038,1
24039,1
24040,0
24041,0
24042,0
24043,0
24044,0
24045,0
24046,0
24047,0
24048,0
24049,1
24050,1
24051,0
24052,0
24053,0
24054,0
24055,0
24056,0
24057,0
24058,0
24059,0
24060,0
24061,1
24062,0
24063,0
24064,0
24065,1
24066,1
24067,0
24068,1
24069,0
24070,0
24071,0
24072,0
24073,0
24074,0
24075,0
24076,1
24077,0
24078,0
24079,0
24080,0
24081,0
24082,0
24083,0
24084,0
24085,1
24086,0
24087,0
24088,0
24089,0
24090,1
24091,0
24092,0
24093,0
24094,0
24095,0
24096,0
24097,1
24098,0
24099,0
24100,0
24101,1
24102,1
24103,0
24104,0
24105,0
24106,1
24107,0
24108,1
24109,0
24110,0
24111,0
24112,0
24113,0
24114,1
24115,0
24116,0
24117,0
24118,0
24119,0
24120,1
24121,0
24122,0
24123,1
24124,1
24125,0
24126,1
24127,0
24128,0
24129,1
24130,0
24131,0
24132,1
24133,0
24134,0
24135,1
24136,0
24137,1
24138,1
24139,0
24140,1
24141,1
24142,0
24143,1
24144,0
24145,1
24146,0
24147,0
24148,1
24149,0
24150,0
24151,1
24152,0
24153,0
24154,0
24155,1
24156,0
24157,1
24158,0
24159,0
24160,0
24161,1
24162,0
24163,0
24164,0
24165,1
24166,0
24167,1
24168,0
24169,0
24170,0
24171,1
24172,1
24173,0
24174,0
24175,0
24176,0
24177,0
24178,1
24179,1
24180,0
24181,1
24182,0
24183,0
24184,0
24185,1
24186,0
24187,0
24188,0
24189,1
24190,0
24191,1
24192,0
24193,0
24194,1
24195,0
24196,0
24197,1
24198,0
24199,0
24200,0
24201,1
24202,1
24203,0
24204,1
24205,0
24206,0
24207,0
24208,0
24209,0
24210,1
24211,0
24212,0
24213,0
24214,0
24215,0
24216,0
24217,0
24218,0
24219,0
24220,0
24221,1
24222,0
24223,0
24224,1
24225,0
24226,0
24227,0
24228,0
24229,0
24230,1
24231,1
24232,0
24233,0
24234,0
24235,0
24236,0
24237,0
24238,0
24239,0
24240,0
24241,0
24242,0
24243,0
24244,0
24245,0
24246,0
24247,0
24248,1
24249,0
24250,0
24251,1
24252,0
24253,0
24254,0
24255,0
24256,0
24257,0
24258,1
24259,0
24260,0
24261,1
24262,0
24263,0
24264,0
24265,0
24266,0
24267,0
24268,0
24269,0
24270,0
24271,1
24272,0
24273,1
24274,0
24275,1
24276,0
24277,0
24278,0
24279,0
24280,1
24281,0
24282,1
24283,1
24284,0
24285,0
24286,1
24287,0
24288,0
24289,0
24290,0
24291,0
24292,0
24293,0
24294,1
24295,0
24296,1
24297,0
24298,1
24299,0
24300,1
24301,0
24302,0
24303,0
24304,0
24305,0
24306,0
24307,1
24308,0
24309,0
24310,1
24311,0
24312,0
24313,0
24314,1
24315,0
24316,1
24317,1
24318,1
24319,0
24320,1
24321,1
24322,1
24323,0
24324,1
24325,0
24326,0
24327,0
24328,0
24329,0
24330,1
24331,0
24332,0
24333,0
24334,0
24335,1
24336,0
24337,0
24338,0
24339,0
24340,1
24341,0
24342,0
24343,0
24344,0
24345,0
24346,0
24347,1
24348,0
24349,0
24350,0
24351,0
24352,0
24353,0
24354,0
24355,0
24356,0
24357,1
24358,0
24359,0
24360,0
24361,0
24362,0
24363,1
24364,0
24365,1
24366,0
24367,0
24368,0
24369,0
24370,0
24371,0
24372,0
24373,0
24374,0
24375,0
24376,0
24377,1
24378,0
24379,1
24380,1
24381,1
24382,1
24383,0
24384,0
24385,1
24386,0
24387,1
24388,0
24389,0
24390,0
24391,0
24392,0
24393,0
24394,0
24395,1
24396,1
24397,0
24398,1
24399,0
24400,0
24401,1
24402,1
24403,0
24404,0
24405,0
24406,0
24407,0
24408,0
24409,0
24410,1
24411,0
24412,0
24413,0
24414,0
24415,0
24416,0
24417,0
24418,0
24419,0
24420,0
24421,0
24422,0
24423,0
24424,0
24425,1
24426,0
24427,0
24428,0
24429,0
24430,0
24431,0
24432,0
24433,0
24434,0
24435,1
24436,0
24437,1
24438,0
24439,0
24440,0
24441,1
24442,1
24443,0
24444,0
24445,0
24446,0
24447,0
24448,1
24449,0
24450,0
24451,1
24452,1
24453,1
24454,1
24455,1
24456,0
24457,1
24458,0
24459,0
24460,0
24461,0
24462,1
24463,0
24464,0
24465,0
24466,1
24467,0
24468,0
24469,0
24470,0
24471,0
24472,1
24473,0
24474,0
24475,0
24476,0
24477,1
24478,1
24479,0
24480,0
24481,0
24482,1
24483,0
24484,0
24485,0
24486,1
24487,0
24488,0
24489,0
24490,0
24491,0
24492,0
24493,0
24494,0
24495,0
24496,0
24497,0
24498,1
24499,0
24500,0
24501,0
24502,0
24503,0
24504,0
24505,1
24506,1
24507,0
24508,0
24509,0
24510,1
24511,1
24512,0
24513,0
24514,0
24515,1
24516,0
24517,0
24518,0
24519,0
24520,0
24521,0
24522,0
24523,1
24524,1
24525,0
24526,0
24527,1
24528,0
24529,0
24530,0
24531,0
24532,0
24533,0
24534,1
24535,0
24536,0
24537,1
24538,0
24539,0
24540,0
24541,0
24542,0
24543,0
24544,0
24545,0
24546,0
24547,1
24548,0
24549,0
24550,1
24551,0
24552,0
24553,0
24554,0
24555,1
24556,0
24557,1
24558,0
24559,0
24560,0
24561,0
24562,1
24563,0
24564,0
24565,0
24566,1
24567,0
24568,0
24569,0
24570,1
24571,0
24572,1
24573,0
24574,0
24575,0
24576,0
24577,0
24578,0
24579,1
24580,0
24581,0
24582,0
24583,0
24584,0
24585,0
24586,0
24587,0
24588,0
24589,0
24590,0
24591,0
24592,0
24593,0
24594,0
24595,0
24596,0
24597,0
24598,1
24599,0
24600,0
24601,1
24602,1
24603,1
24604,1
24605,0
24606,1
24607,1
24608,0
24609,0
24610,0
24611,0
24612,0
24613,0
24614,0
24615,0
24616,0
24617,1
24618,0
24619,1
24620,0
24621,0
24622,0
24623,0
24624,0
24625,0
24626,1
24627,0
24628,0
24629,0
24630,1
24631,1
24632,1
24633,0
24634,0
24635,0
24636,0
24637,0
24638,0
24639,1
24640,0
24641,0
24642,1
24643,0
24644,0
24645,0
24646,0
24647,0
24648,0
24649,0
24650,0
24651,0
24652,1
24653,0
24654,0
24655,0
24656,0
24657,0
24658,0
24659,0
24660,1
24661,0
24662,0
24663,1
24664,0
24665,0
24666,1
24667,0
24668,0
24669,0
24670,0
24671,0
24672,0
24673,0
24674,1
24675,0
24676,0
24677,1
24678,0
24679,0
24680,1
24681,1
24682,0
24683,0
24684,1
24685,0
24686,0
24687,0
24688,0
24689,0
24690,0
24691,0
24692,0
24693,0
24694,0
24695,0
24696,1
24697,0
24698,0
24699,0
24700,0
24701,0
24702,1
24703,0
24704,0
24705,0
24706,0
24707,0
24708,0
24709,0
24710,1
24711,0
24712,0
24713,0
24714,1
24715,0
24716,0
24717,0
24718,0
24719,0
24720,0
24721,0
24722,0
24723,1
24724,0
24725,0
24726,0
24727,0
24728,0
24729,0
24730,0
24731,0
24732,0
24733,1
24734,0
24735,1
24736,0
24737,0
24738,0
24739,1
24740,0
24741,0
24742,1
24743,0
24744,0
24745,1
24746,0
24747,1
24748,0
24749,0
24750,1
24751,0
24752,0
24753,0
24754,0
24755,0
24756,0
24757,1
24758,0
24759,0
24760,0
24761,0
24762,0
24763,1
24764,0
24765,0
24766,0
24767,0
24768,0
24769,0
24770,0
24771,1
24772,0
24773,0
24774,0
24775,0
24776,0
24777,0
24778,0
24779,1
24780,0
24781,1
24782,0
24783,0
24784,0
24785,0
24786,0
24787,0
24788,0
24789,0
24790,0
24791,1
24792,0
24793,0
24794,0
24795,0
24796,0
24797,0
24798,0
24799,0
24800,0
24801,1
24802,0
24803,0
24804,0
24805,0
24806,0
24807,0
24808,0
24809,0
24810,0
24811,1
24812,0
24813,0
24814,0
24815,0
24816,0
24817,0
24818,0
24819,0
24820,0
24821,0
24822,0
24823,0
24824,1
24825,0
24826,0
24827,0
24828,0
24829,0
24830,0
24831,1
24832,0
24833,0
24834,0
24835,0
24836,1
24837,0
24838,0
24839,0
24840,1
24841,1
24842,0
24843,0
24844,0
24845,0
24846,0
24847,0
24848,1
24849,0
24850,0
24851,1
24852,0
24853,0
24854,0
24855,0
24856,0
24857,0
24858,0
24859,1
24860,1
24861,0
24862,0
24863,0
24864,0
24865,0
24866,0
24867,1
24868,0
24869,0
24870,0
24871,0
24872,0
24873,0
24874,0
24875,1
24876,0
24877,0
24878,0
24879,0
24880,0
24881,0
24882,0
24883,0
24884,0
24885,0
24886,0
24887,0
24888,0
24889,0
24890,0
24891,0
24892,1
24893,0
24894,0
24895,0
24896,1
24897,0
24898,0
24899,0
24900,0
24901,1
24902,0
24903,1
24904,0
24905,0
24906,0
24907,1
24908,1
24909,1
24910,0
24911,0
24912,0
24913,0
24914,0
24915,0
24916,1
24917,1
24918,0
24919,0
24920,1
24921,0
24922,0
24923,0
24924,0
24925,0
24926,0
24927,0
24928,0
24929,0
24930,0
24931,0
24932,1
24933,0
24934,1
24935,0
24936,0
24937,1
24938,1
24939,0
24940,0
24941,1
24942,0
24943,0
24944,1
24945,0
24946,0
24947,0
24948,0
24949,0
24950,0
24951,0
24952,0
24953,0
24954,0
24955,0
24956,0
24957,0
24958,0
24959,0
24960,0
24961,0
24962,0
24963,0
24964,0
24965,0
24966,0
24967,0
24968,0
24969,1
24970,0
24971,0
24972,0
24973,0
24974,0
24975,0
24976,0
24977,0
24978,0
24979,1
24980,0
24981,0
24982,0
24983,0
24984,1
24985,0
24986,0
24987,0
24988,0
24989,0
24990,1
24991,0
24992,0
24993,0
24994,0
24995,0
24996,0
24997,0
24998,0
24999,0
25000,0
25001,0
25002,0
25003,0
25004,0
25005,0
25006,0
25007,1
25008,0
25009,0
25010,0
25011,0
25012,0
25013,1
25014,0
25015,0
25016,0
25017,0
25018,0
25019,1
25020,0
25021,0
25022,0
25023,0
25024,1
25025,0
25026,0
25027,0
25028,0
25029,0
25030,0
25031,0
25032,0
25033,0
25034,0
25035,0
25036,1
25037,0
25038,1
25039,0
25040,1
25041,0
25042,1
25043,0
25044,0
25045,0
25046,0
25047,0
25048,0
25049,0
25050,1
25051,0
25052,0
25053,0
25054,0
25055,0
25056,0
25057,0
25058,1
25059,0
25060,0
25061,0
25062,1
25063,1
25064,1
25065,0
25066,1
25067,0
25068,0
25069,1
25070,1
25071,0
25072,0
25073,1
25074,0
25075,0
25076,0
25077,0
25078,0
25079,0
25080,1
25081,0
25082,0
25083,0
25084,0
25085,0
25086,0
25087,0
25088,1
25089,1
25090,1
25091,0
25092,0
25093,0
25094,0
25095,0
25096,0
25097,0
25098,0
25099,0
25100,0
25101,0
25102,0
25103,0
25104,0
25105,0
25106,1
25107,0
25108,0
25109,1
25110,0
25111,1
25112,0
25113,0
25114,0
25115,0
25116,0
25117,0
25118,0
25119,0
25120,0
25121,1
25122,0
25123,0
25124,0
25125,0
25126,0
25127,0
25128,0
25129,0
25130,0
25131,1
25132,0
25133,0
25134,0
25135,0
25136,1
25137,0
25138,0
25139,0
25140,1
25141,0
25142,0
25143,0
25144,0
25145,0
25146,0
25147,0
25148,1
25149,0
25150,0
25151,1
25152,1
25153,0
25154,0
25155,0
25156,1
25157,1
25158,0
25159,0
25160,0
25161,0
25162,0
25163,0
25164,1
25165,0
25166,0
25167,0
25168,0
25169,0
25170,0
25171,0
25172,0
25173,0
25174,0
25175,0
25176,1
25177,0
25178,0
25179,1
25180,0
25181,0
25182,0
25183,0
25184,0
25185,0
25186,0
25187,0
25188,0
25189,0
25190,0
25191,1
25192,0
25193,0
25194,0
25195,0
25196,1
25197,0
25198,1
25199,0
25200,0
25201,0
25202,0
25203,0
25204,0
25205,1
25206,0
25207,0
25208,0
25209,0
25210,0
25211,0
25212,1
25213,1
25214,0
25215,0
25216,1
25217,0
25218,0
25219,0
25220,0
25221,0
25222,0
25223,1
25224,0
25225,0
25226,0
25227,0
25228,0
25229,0
25230,0
25231,0
25232,0
25233,0
25234,0
25235,0
25236,0
25237,1
25238,0
25239,0
25240,0
25241,0
25242,0
25243,1
25244,1
25245,0
25246,0
25247,0
25248,0
25249,0
25250,1
25251,1
25252,0
25253,0
25254,0
25255,0
25256,1
25257,0
25258,0
25259,0
25260,1
25261,1
25262,1
25263,0
25264,0
25265,0
25266,0
25267,1
25268,0
25269,0
25270,0
25271,0
25272,1
25273,1
25274,0
25275,1
25276,1
25277,0
25278,0
25279,0
25280,0
25281,0
25282,0
25283,0
25284,1
25285,1
25286,0
25287,0
25288,1
25289,1
25290,0
25291,1
25292,0
25293,0
25294,0
25295,0
25296,0
25297,0
25298,0
25299,0
25300,0
25301,0
25302,0
25303,0
25304,0
25305,0
25306,0
25307,1
25308,0
25309,0
25310,0
25311,0
25312,1
25313,1
25314,1
25315,0
25316,0
25317,0
25318,0
25319,0
25320,0
25321,0
25322,0
25323,0
25324,1
25325,0
25326,0
25327,0
25328,0
25329,0
25330,0
25331,0
25332,0
25333,1
25334,0
25335,0
25336,1
25337,1
25338,0
25339,0
25340,0
25341,0
25342,0
25343,0
25344,0
25345,0
25346,0
25347,0
25348,0
25349,1
25350,0
25351,0
25352,0
25353,0
25354,0
25355,0
25356,0
25357,1
25358,0
25359,1
25360,1
25361,1
25362,0
25363,0
25364,0
25365,1
25366,0
25367,0
25368,0
25369,0
25370,0
25371,0
25372,0
25373,1
25374,0
25375,0
25376,0
25377,0
25378,0
25379,1
25380,1
25381,0
25382,1
25383,0
25384,0
25385,0
25386,0
25387,0
25388,0
25389,0
25390,0
25391,0
25392,0
25393,0
25394,0
25395,1
25396,1
25397,0
25398,0
25399,0
25400,1
25401,0
25402,0
25403,0
25404,0
25405,0
25406,0
25407,0
25408,0
25409,0
25410,0
25411,0
25412,0
25413,0
25414,1
25415,1
25416,0
25417,0
25418,0
25419,0
25420,0
25421,0
25422,0
25423,0
25424,1
25425,0
25426,0
25427,0
25428,0
25429,0
25430,1
25431,0
25432,0
25433,1
25434,0
25435,1
25436,0
25437,1
25438,1
25439,1
25440,0
25441,0
25442,0
25443,0
25444,0
25445,0
25446,1
25447,0
25448,0
25449,0
25450,1
25451,0
25452,0
25453,0
25454,0
25455,0
25456,0
25457,1
25458,1
25459,0
25460,0
25461,0
25462,1
25463,1
25464,0
25465,0
25466,1
25467,0
25468,0
25469,0
25470,0
25471,0
25472,0
25473,0
25474,0
25475,0
25476,0
25477,0
25478,0
25479,0
25480,0
25481,0
25482,1
25483,1
25484,0
25485,0
25486,0
25487,0
25488,0
25489,0
25490,0
25491,0
25492,1
25493,0
25494,0
25495,0
25496,0
25497,0
25498,0
25499,0
25500,0
25501,0
25502,1
25503,0
25504,1
25505,0
25506,1
25507,0
25508,0
25509,0
25510,0
25511,0
25512,0
25513,0
25514,0
25515,0
25516,0
25517,0
25518,0
25519,0
25520,0
25521,0
25522,0
25523,0
25524,0
25525,0
25526,0
25527,1
25528,0
25529,1
25530,0
25531,0
25532,0
25533,0
25534,0
25535,1
25536,0
25537,0
25538,0
25539,0
25540,0
25541,1
25542,0
25543,0
25544,0
25545,0
25546,0
25547,0
25548,0
25549,1
25550,0
25551,0
25552,0
25553,0
25554,1
25555,1
25556,0
25557,0
25558,0
25559,0
25560,0
25561,0
25562,0
25563,0
25564,0
25565,0
25566,0
25567,0
25568,0
25569,0
25570,0
25571,0
25572,0
25573,0
25574,1
25575,0
25576,0
25577,0
25578,0
25579,0
25580,1
25581,0
25582,1
25583,0
25584,0
25585,0
25586,0
25587,0
25588,0
25589,0
25590,0
25591,0
25592,0
25593,0
25594,0
25595,0
25596,1
25597,0
25598,0
25599,0
25600,0
25601,0
25602,1
25603,0
25604,0
25605,1
25606,0
25607,1
25608,0
25609,1
25610,0
25611,0
25612,1
25613,0
25614,0
25615,1
25616,0
25617,0
25618,0
25619,1
25620,0
25621,1
25622,1
25623,1
25624,1
25625,0
25626,0
25627,0
25628,0
25629,0
25630,0
25631,0
25632,0
25633,1
25634,1
25635,1
25636,0
25637,0
25638,0
25639,0
25640,0
25641,0
25642,1
25643,0
25644,0
25645,0
25646,0
25647,0
25648,0
25649,0
25650,0
25651,0
25652,0
25653,0
25654,0
25655,0
25656,0
25657,0
25658,1
25659,0
25660,0
25661,1
25662,0
25663,0
25664,0
25665,0
25666,0
25667,0
25668,0
25669,0
25670,0
25671,0
25672,0
25673,0
25674,1
25675,0
25676,0
25677,0
25678,0
25679,0
25680,0
25681,1
25682,0
25683,0
25684,0
25685,0
25686,0
25687,0
25688,0
25689,1
25690,0
25691,0
25692,0
25693,0
25694,0
25695,1
25696,0
25697,0
25698,0
25699,1
25700,1
25701,0
25702,0
25703,0
25704,0
25705,0
25706,0
25707,0
25708,0
25709,0
25710,0
25711,0
25712,0
25713,0
25714,0
25715,0
25716,1
25717,0
25718,0
25719,0
25720,0
25721,0
25722,0
25723,0
25724,0
25725,0
25726,0
25727,0
25728,0
25729,0
25730,0
25731,1
25732,0
25733,1
25734,1
25735,0
25736,0
25737,0
25738,0
25739,1
25740,1
25741,0
25742,0
25743,1
25744,1
25745,0
25746,0
25747,0
25748,0
25749,0
25750,0
25751,0
25752,1
25753,0
25754,0
25755,0
25756,0
25757,0
25758,0
25759,1
25760,0
25761,1
25762,0
25763,0
25764,0
25765,1
25766,0
25767,1
25768,0
25769,0
25770,0
25771,0
25772,0
25773,0
25774,0
25775,0
25776,0
25777,0
25778,1
25779,0
25780,0
25781,0
25782,0
25783,0
25784,0
25785,0
25786,1
25787,0
25788,0
25789,0
25790,1
25791,0
25792,0
25793,0
25794,0
25795,1
25796,0
25797,1
25798,0
25799,0
25800,1
25801,1
25802,0
25803,0
25804,0
25805,0
25806,0
25807,0
25808,0
25809,0
25810,1
25811,0
25812,0
25813,0
25814,0
25815,0
25816,1
25817,0
25818,1
25819,0
25820,0
25821,0
25822,0
25823,1
25824,0
25825,0
25826,1
25827,0
25828,0
25829,1
25830,0
25831,0
25832,1
25833,0
25834,0
25835,0
25836,0
25837,0
25838,0
25839,0
25840,0
25841,1
25842,1
25843,0
25844,0
25845,0
25846,0
25847,0
25848,1
25849,0
25850,0
25851,1
25852,1
25853,0
25854,0
25855,0
25856,1
25857,0
25858,0
25859,0
25860,1
25861,0
25862,0
25863,1
25864,0
25865,0
25866,0
25867,1
25868,0
25869,0
25870,0
25871,0
25872,0
25873,0
25874,0
25875,1
25876,0
25877,0
25878,0
25879,0
25880,0
25881,0
25882,1
25883,0
25884,0
25885,0
25886,0
25887,0
25888,0
25889,1
25890,0
25891,1
25892,0
25893,0
25894,0
25895,1
25896,0
25897,0
25898,0
25899,0
25900,0
25901,0
25902,0
25903,0
25904,0
25905,1
25906,0
25907,1
25908,0
25909,1
25910,0
25911,1
25912,1
25913,0
25914,1
25915,1
25916,1
25917,0
25918,1
25919,0
25920,0
25921,0
25922,0
25923,0
25924,0
25925,0
25926,0
25927,1
25928,0
25929,1
25930,0
25931,0
25932,0
25933,0
25934,1
25935,0
25936,0
25937,0
25938,0
25939,0
25940,0
25941,0
25942,0
25943,0
25944,0
25945,0
25946,0
25947,0
25948,0
25949,0
25950,0
25951,0
25952,0
25953,0
25954,1
25955,0
25956,0
25957,0
25958,0
25959,1
25960,0
25961,0
25962,0
25963,0
25964,0
25965,0
25966,0
25967,1
25968,1
25969,0
25970,0
25971,0
25972,0
25973,1
25974,1
25975,0
25976,0
25977,0
25978,0
25979,0
25980,0
25981,0
25982,0
25983,0
25984,0
25985,0
25986,0
25987,1
25988,0
25989,0
25990,1
25991,0
25992,1
25993,0
25994,0
25995,0
25996,1
25997,0
25998,0
25999,0
26000,0
26001,0
26002,0
26003,1
26004,1
26005,1
26006,0
26007,0
26008,1
26009,0
26010,0
26011,0
26012,0
26013,0
26014,0
26015,0
26016,0
26017,0
26018,1
26019,0
26020,0
26021,0
26022,1
26023,0
26024,1
26025,0
26026,0
26027,0
26028,0
26029,0
26030,0
26031,0
26032,1
26033,0
26034,1
26035,1
26036,0
26037,0
26038,0
26039,1
26040,0
26041,0
26042,0
26043,0
26044,0
26045,0
26046,0
26047,0
26048,0
26049,0
26050,0
26051,0
26052,0
26053,0
26054,0
26055,0
26056,0
26057,0
26058,1
26059,0
26060,0
26061,1
26062,0
26063,0
26064,0
26065,0
26066,1
26067,0
26068,0
26069,0
26070,1
26071,0
26072,0
26073,0
26074,0
26075,1
26076,0
26077,1
26078,0
26079,0
26080,0
26081,0
26082,0
26083,0
26084,1
26085,0
26086,1
26087,0
26088,1
26089,0
26090,1
26091,0
26092,0
26093,0
26094,0
26095,0
26096,0
26097,1
26098,0
26099,0
26100,0
26101,1
26102,1
26103,0
26104,0
26105,0
26106,1
26107,0
26108,0
26109,0
26110,0
26111,1
26112,0
26113,0
26114,0
26115,0
26116,0
26117,0
26118,0
26119,0
26120,0
26121,0
26122,0
26123,0
26124,0
26125,0
26126,0
26127,0
26128,0
26129,1
26130,1
26131,1
26132,1
26133,0
26134,0
26135,1
26136,1
26137,0
26138,0
26139,0
26140,0
26141,0
26142,0
26143,0
26144,0
26145,0
26146,0
26147,0
26148,0
26149,0
26150,0
26151,0
26152,1
26153,0
26154,0
26155,0
26156,1
26157,0
26158,0
26159,0
26160,1
26161,0
26162,1
26163,0
26164,0
26165,0
26166,0
26167,1
26168,0
26169,0
26170,0
26171,1
26172,0
26173,0
26174,0
26175,0
26176,0
26177,0
26178,0
26179,1
26180,0
26181,1
26182,0
26183,0
26184,0
26185,0
26186,0
26187,1
26188,0
26189,1
26190,0
26191,1
26192,0
26193,1
26194,0
26195,0
26196,1
26197,0
26198,0
26199,0
26200,1
26201,0
26202,0
26203,1
26204,0
26205,0
26206,0
26207,1
26208,1
26209,1
26210,1
26211,0
26212,0
26213,0
26214,0
26215,0
26216,0
26217,0
26218,1
26219,0
26220,0
26221,0
26222,0
26223,0
26224,0
26225,0
26226,0
26227,0
26228,0
26229,0
26230,0
26231,0
26232,0
26233,0
26234,0
26235,0
26236,0
26237,0
26238,0
26239,0
26240,0
26241,0
26242,0
26243,0
26244,1
26245,0
26246,0
26247,1
26248,1
26249,0
26250,0
26251,0
26252,0
26253,0
26254,1
26255,0
26256,0
26257,0
26258,1
26259,0
26260,0
26261,0
26262,0
26263,0
26264,0
26265,0
26266,0
26267,0
26268,0
26269,1
26270,0
26271,0
26272,0
26273,0
26274,0
26275,0
26276,0
26277,1
26278,1
26279,0
26280,0
26281,0
26282,1
26283,0
26284,0
26285,0
26286,0
26287,0
26288,0
26289,0
26290,0
26291,0
26292,0
26293,0
26294,0
26295,0
26296,0
26297,0
26298,0
26299,0
26300,0
26301,1
26302,0
26303,0
26304,0
26305,0
26306,0
26307,0
26308,0
26309,0
26310,0
26311,0
26312,0
26313,0
26314,0
26315,0
26316,0
26317,0
26318,1
26319,0
26320,0
26321,1
26322,0
26323,0
26324,0
26325,0
26326,0
26327,0
26328,1
26329,0
26330,0
26331,0
26332,0
26333,1
26334,0
26335,0
26336,0
26337,1
26338,1
26339,0
26340,1
26341,0
26342,0
26343,0
26344,1
26345,0
26346,0
26347,1
26348,1
26349,0
26350,0
26351,1
26352,0
26353,1
26354,1
26355,0
26356,0
26357,1
26358,0
26359,0
26360,0
26361,0
26362,0
26363,0
26364,0
26365,0
26366,0
26367,0
26368,0
26369,0
26370,0
26371,0
26372,0
26373,0
26374,0
26375,0
26376,0
26377,0
26378,0
26379,1
26380,0
26381,0
26382,0
26383,0
26384,0
26385,0
26386,0
26387,0
26388,0
26389,1
26390,0
26391,0
26392,0
26393,0
26394,0
26395,0
26396,0
26397,1
26398,0
26399,1
26400,0
26401,1
26402,0
26403,0
26404,0
26405,0
26406,1
26407,0
26408,1
26409,0
26410,1
26411,0
26412,0
26413,0
26414,0
26415,1
26416,1
26417,0
26418,0
26419,0
26420,0
26421,0
26422,0
26423,0
26424,0
26425,0
26426,0
26427,1
26428,1
26429,0
26430,1
26431,0
26432,0
26433,0
26434,0
26435,0
26436,0
26437,0
26438,1
26439,0
26440,0
26441,1
26442,0
26443,1
26444,0
26445,0
26446,0
26447,0
26448,0
26449,0
26450,0
26451,0
26452,0
26453,0
26454,0
26455,0
26456,0
26457,0
26458,1
26459,0
26460,1
26461,0
26462,0
26463,0
26464,0
26465,0
26466,0
26467,0
26468,0
26469,1
26470,0
26471,1
26472,0
26473,0
26474,0
26475,0
26476,0
26477,1
26478,1
26479,0
26480,0
26481,0
26482,0
26483,0
26484,0
26485,0
26486,0
26487,0
26488,0
26489,1
26490,0
26491,0
26492,0
26493,0
26494,1
26495,0
26496,0
26497,0
26498,0
26499,1
26500,0
26501,0
26502,0
26503,1
26504,0
26505,0
26506,1
26507,0
26508,0
26509,0
26510,0
26511,0
26512,0
26513,0
26514,1
26515,0
26516,0
26517,0
26518,0
26519,0
26520,1
26521,0
26522,0
26523,0
26524,0
26525,1
26526,0
26527,1
26528,0
26529,0
26530,0
26531,0
26532,1
26533,0
26534,0
26535,0
26536,1
26537,0
26538,0
26539,0
26540,0
26541,0
26542,0
26543,0
26544,0
26545,0
26546,0
26547,0
26548,0
26549,0
26550,0
26551,0
26552,1
26553,0
26554,0
26555,0
26556,0
26557,0
26558,1
26559,0
26560,0
26561,0
26562,0
26563,0
26564,0
26565,0
26566,0
26567,0
26568,1
26569,0
26570,0
26571,1
26572,0
26573,0
26574,0
26575,0
26576,0
26577,0
26578,0
26579,0
26580,0
26581,0
26582,1
26583,0
26584,0
26585,1
26586,0
26587,0
26588,0
26589,0
26590,0
26591,0
26592,1
26593,1
26594,1
26595,0
26596,0
26597,1
26598,0
26599,0
26600,0
26601,0
26602,0
26603,0
26604,1
26605,0
26606,0
26607,0
26608,0
26609,0
26610,0
26611,1
26612,0
26613,0
26614,0
26615,1
26616,0
26617,0
26618,0
26619,0
26620,0
26621,0
26622,0
26623,0
26624,0
26625,0
26626,0
26627,0
26628,1
26629,0
26630,0
26631,0
26632,0
26633,1
26634,0
26635,0
26636,0
26637,0
26638,0
26639,1
26640,1
26641,0
26642,0
26643,0
26644,1
26645,0
26646,0
26647,1
26648,1
26649,1
26650,0
26651,0
26652,0
26653,0
26654,0
26655,1
26656,0
26657,0
26658,0
26659,0
26660,0
26661,0
26662,0
26663,0
26664,0
26665,0
26666,0
26667,0
26668,0
26669,0
26670,0
26671,0
26672,0
26673,0
26674,0
26675,1
26676,1
26677,0
26678,0
26679,0
26680,0
26681,0
26682,0
26683,0
26684,1
26685,0
26686,0
26687,0
26688,0
26689,0
26690,1
26691,0
26692,0
26693,0
26694,1
26695,0
26696,0
26697,0
26698,1
26699,0
26700,0
26701,0
26702,1
26703,0
26704,0
26705,0
26706,0
26707,0
26708,0
26709,0
26710,0
26711,1
26712,0
26713,0
26714,0
26715,0
26716,1
26717,1
26718,0
26719,0
26720,0
26721,0
26722,0
26723,1
26724,0
26725,0
26726,1
26727,1
26728,1
26729,0
26730,1
26731,0
26732,0
26733,0
26734,0
26735,0
26736,0
26737,0
26738,0
26739,0
26740,0
26741,0
26742,0
26743,1
26744,0
26745,0
26746,0
26747,0
26748,0
26749,0
26750,0
26751,0
26752,0
26753,1
26754,0
26755,0
26756,0
26757,0
26758,0
26759,0
26760,0
26761,0
26762,0
26763,0
26764,0
26765,0
26766,1
26767,1
26768,0
26769,0
26770,0
26771,0
26772,0
26773,0
26774,0
26775,0
26776,0
26777,0
26778,0
26779,0
26780,0
26781,0
26782,0
26783,1
26784,0
26785,0
26786,0
26787,0
26788,0
26789,0
26790,0
26791,0
26792,0
26793,0
26794,0
26795,0
26796,1
26797,1
26798,1
26799,0
26800,0
26801,0
26802,0
26803,0
26804,1
26805,1
26806,0
26807,1
26808,0
26809,0
26810,0
26811,0
26812,0
26813,0
26814,0
26815,0
26816,0
26817,1
26818,0
26819,0
26820,0
26821,0
26822,0
26823,0
26824,0
26825,0
26826,1
26827,0
26828,0
26829,0
26830,0
26831,1
26832,0
26833,1
26834,0
26835,0
26836,0
26837,0
26838,0
26839,0
26840,0
26841,0
26842,0
26843,0
26844,1
26845,0
26846,0
26847,1
26848,0
26849,0
26850,0
26851,0
26852,0
26853,0
26854,0
26855,0
26856,0
26857,0
26858,1
26859,0
26860,0
26861,0
26862,0
26863,0
26864,0
26865,0
26866,0
26867,0
26868,0
26869,0
26870,0
26871,0
26872,1
26873,0
26874,1
26875,0
26876,0
26877,0
26878,0
26879,0
26880,0
26881,1
26882,0
26883,1
26884,0
26885,0
26886,0
26887,1
26888,1
26889,0
26890,1
26891,1
26892,1
26893,0
26894,0
26895,0
26896,0
26897,1
26898,0
26899,0
26900,1
26901,0
26902,0
26903,0
26904,1
26905,0
26906,0
26907,1
26908,0
26909,0
26910,1
26911,0
26912,0
26913,1
26914,0
26915,0
26916,0
26917,0
26918,0
26919,0
26920,0
26921,0
26922,0
26923,0
26924,1
26925,0
26926,0
26927,1
26928,0
26929,0
26930,1
26931,1
26932,0
26933,0
26934,0
26935,1
26936,0
26937,1
26938,0
26939,1
26940,0
26941,0
26942,1
26943,1
26944,1
26945,0
26946,0
26947,0
26948,0
26949,0
26950,0
26951,0
26952,0
26953,0
26954,0
26955,0
26956,0
26957,0
26958,0
26959,0
26960,0
26961,1
26962,0
26963,0
26964,1
26965,1
26966,0
26967,0
26968,1
26969,0
26970,0
26971,0
26972,0
26973,0
26974,1
26975,0
26976,1
26977,0
26978,1
26979,0
26980,0
26981,1
26982,1
26983,1
26984,1
26985,0
26986,1
26987,0
26988,1
26989,0
26990,0
26991,0
26992,0
26993,0
26994,0
26995,0
26996,0
26997,0
26998,0
26999,0
27000,0
27001,0
27002,0
27003,0
27004,1
27005,0
27006,0
27007,0
27008,1
27009,0
27010,0
27011,1
27012,0
27013,0
27014,0
27015,0
27016,0
27017,1
27018,0
27019,0
27020,0
27021,0
27022,0
27023,0
27024,1
27025,0
27026,0
27027,0
27028,0
27029,1
27030,0
27031,0
27032,0
27033,1
27034,0
27035,0
27036,1
27037,0
27038,0
27039,0
27040,0
27041,0
27042,1
27043,0
27044,0
27045,1
27046,0
27047,0
27048,1
27049,0
27050,1
27051,0
27052,0
27053,0
27054,0
27055,0
27056,0
27057,0
27058,0
27059,0
27060,0
27061,0
27062,0
27063,0
27064,0
27065,0
27066,0
27067,0
27068,0
27069,0
27070,0
27071,0
27072,1
27073,0
27074,1
27075,0
27076,1
27077,0
27078,1
27079,0
27080,1
27081,0
27082,0
27083,1
27084,0
27085,0
27086,0
27087,0
27088,0
27089,0
27090,0
27091,0
27092,0
27093,0
27094,0
27095,0
27096,0
27097,0
27098,0
27099,0
27100,0
27101,0
27102,0
27103,0
27104,0
27105,0
27106,1
27107,0
27108,0
27109,0
27110,0
27111,1
27112,0
27113,0
27114,0
27115,0
27116,0
27117,0
27118,0
27119,1
27120,0
27121,1
27122,0
27123,1
27124,0
27125,1
27126,0
27127,0
27128,0
27129,1
27130,0
27131,0
27132,0
27133,1
27134,0
27135,0
27136,0
27137,0
27138,0
27139,0
27140,0
27141,1
27142,0
27143,1
27144,1
27145,0
27146,0
27147,0
27148,0
27149,0
27150,1
27151,1
27152,0
27153,0
27154,0
27155,0
27156,0
27157,0
27158,0
27159,0
27160,1
27161,1
27162,1
27163,0
27164,0
27165,0
27166,0
27167,1
27168,0
27169,0
27170,1
27171,0
27172,0
27173,0
27174,0
27175,0
27176,0
27177,0
27178,0
27179,0
27180,0
27181,0
27182,0
27183,1
27184,0
27185,0
27186,0
27187,0
27188,0
27189,1
27190,0
27191,0
27192,0
27193,1
27194,0
27195,0
27196,0
27197,0
27198,0
27199,0
27200,0
27201,1
27202,0
27203,0
27204,0
27205,0
27206,0
27207,0
27208,0
27209,0
27210,0
27211,0
27212,0
27213,1
27214,1
27215,0
27216,0
27217,1
27218,1
27219,1
27220,0
27221,1
27222,1
27223,0
27224,0
27225,0
27226,0
27227,1
27228,0
27229,0
27230,0
27231,0
27232,0
27233,1
27234,0
27235,0
27236,1
27237,0
27238,0
27239,0
27240,0
27241,1
27242,0
27243,0
27244,0
27245,0
27246,1
27247,0
27248,1
27249,0
27250,0
27251,0
27252,0
27253,0
27254,0
27255,0
27256,0
27257,0
27258,1
27259,0
27260,0
27261,0
27262,0
27263,0
27264,0
27265,0
27266,0
27267,1
27268,0
27269,0
27270,0
27271,0
27272,0
27273,0
27274,0
27275,0
27276,0
27277,1
27278,0
27279,0
27280,0
27281,0
27282,0
27283,1
27284,1
27285,0
27286,1
27287,0
27288,0
27289,0
27290,0
27291,1
27292,0
27293,0
27294,0
27295,0
27296,0
27297,0
27298,0
27299,0
27300,0
27301,1
27302,0
27303,0
27304,0
27305,0
27306,0
27307,0
27308,0
27309,1
27310,0
27311,0
27312,0
27313,0
27314,0
27315,1
27316,0
27317,0
27318,0
27319,0
27320,0
27321,0
27322,0
27323,1
27324,0
27325,0
27326,0
27327,0
27328,0
27329,0
27330,1
27331,0
27332,0
27333,1
27334,0
27335,1
27336,0
27337,0
27338,0
27339,0
27340,0
27341,0
27342,0
27343,0
27344,0
27345,0
27346,1
27347,1
27348,1
27349,0
27350,0
27351,0
27352,0
27353,0
27354,0
27355,0
27356,0
27357,0
27358,1
27359,1
27360,0
27361,0
27362,0
27363,0
27364,1
27365,0
27366,1
27367,0
27368,0
27369,1
27370,0
27371,0
27372,1
27373,0
27374,0
27375,1
27376,0
27377,0
27378,0
27379,0
27380,0
27381,0
27382,1
27383,0
27384,0
27385,0
27386,0
27387,0
27388,0
27389,0
27390,0
27391,1
27392,0
27393,0
27394,0
27395,0
27396,0
27397,0
27398,0
27399,0
27400,0
27401,0
27402,0
27403,0
27404,0
27405,0
27406,0
27407,0
27408,0
27409,0
27410,0
27411,0
27412,1
27413,0
27414,1
27415,0
27416,0
27417,0
27418,0
27419,1
27420,0
27421,0
27422,0
27423,0
27424,0
27425,0
27426,0
27427,0
27428,1
27429,0
27430,0
27431,0
27432,0
27433,1
27434,0
27435,1
27436,1
27437,0
27438,1
27439,0
27440,1
27441,0
27442,0
27443,0
27444,0
27445,0
27446,1
27447,0
27448,1
27449,0
27450,0
27451,1
27452,0
27453,0
27454,0
27455,0
27456,0
27457,1
27458,0
27459,0
27460,0
27461,0
27462,0
27463,0
27464,0
27465,1
27466,0
27467,0
27468,0
27469,0
27470,0
27471,0
27472,1
27473,0
27474,0
27475,0
27476,0
27477,0
27478,0
27479,0
27480,0
27481,0
27482,0
27483,0
27484,0
27485,0
27486,0
27487,0
27488,0
27489,0
27490,1
27491,1
27492,0
27493,1
27494,0
27495,0
27496,1
27497,0
27498,0
27499,0
27500,1
27501,0
27502,0
27503,0
27504,0
27505,0
27506,0
27507,0
27508,0
27509,1
27510,0
27511,0
27512,0
27513,0
27514,0
27515,0
27516,0
27517,0
27518,0
27519,1
27520,0
27521,0
27522,0
27523,0
27524,0
27525,0
27526,1
27527,0
27528,0
27529,0
27530,0
27531,0
27532,0
27533,1
27534,0
27535,0
27536,0
27537,0
27538,1
27539,0
27540,0
27541,0
27542,0
27543,0
27544,0
27545,0
27546,0
27547,0
27548,1
27549,0
27550,0
27551,0
27552,0
27553,0
27554,0
27555,1
27556,0
27557,0
27558,0
27559,0
27560,0
27561,0
27562,0
27563,0
27564,0
27565,0
27566,0
27567,1
27568,0
27569,0
27570,0
27571,0
27572,0
27573,0
27574,0
27575,0
27576,0
27577,0
27578,0
27579,0
27580,0
27581,0
27582,0
27583,0
27584,0
27585,0
27586,1
27587,0
27588,0
27589,0
27590,0
27591,0
27592,0
27593,0
27594,1
27595,0
27596,1
27597,0
27598,0
27599,0
27600,0
27601,1
27602,0
27603,0
27604,0
27605,1
27606,1
27607,0
27608,0
27609,0
27610,0
27611,1
27612,0
27613,0
27614,1
27615,1
27616,0
27617,0
27618,0
27619,0
27620,1
27621,0
27622,0
27623,1
27624,0
27625,0
27626,0
27627,1
27628,0
27629,0
27630,1
27631,0
27632,0
27633,0
27634,1
27635,0
27636,1
27637,0
27638,0
27639,0
27640,1
27641,1
27642,1
27643,0
27644,0
27645,1
27646,1
27647,1
27648,0
27649,0
27650,0
27651,0
27652,1
27653,1
27654,0
27655,0
27656,1
27657,0
27658,0
27659,0
27660,0
27661,0
27662,0
27663,1
27664,1
27665,0
27666,0
27667,0
27668,0
27669,0
27670,0
27671,1
27672,0
27673,0
27674,0
27675,0
27676,0
27677,0
27678,0
27679,1
27680,0
27681,1
27682,0
27683,0
27684,0
27685,0
27686,0
27687,0
27688,1
27689,0
27690,0
27691,0
27692,0
27693,1
27694,0
27695,0
27696,0
27697,0
27698,0
27699,0
27700,0
27701,0
27702,0
27703,0
27704,0
27705,0
27706,0
27707,0
27708,0
27709,0
27710,1
27711,0
27712,0
27713,0
27714,0
27715,0
27716,0
27717,1
27718,0
27719,1
27720,0
27721,0
27722,0
27723,1
27724,0
27725,0
27726,0
27727,0
27728,0
27729,0
27730,0
27731,0
27732,0
27733,0
27734,0
27735,1
27736,0
27737,1
27738,0
27739,1
27740,0
27741,0
27742,0
27743,0
27744,0
27745,0
27746,0
27747,0
27748,0
27749,0
27750,0
27751,1
27752,0
27753,0
27754,1
27755,0
27756,0
27757,0
27758,1
27759,1
27760,0
27761,0
27762,0
27763,0
27764,0
27765,1
27766,0
27767,0
27768,0
27769,0
27770,0
27771,0
27772,1
27773,0
27774,0
27775,0
27776,0
27777,0
27778,0
27779,0
27780,0
27781,0
27782,1
27783,0
27784,0
27785,0
27786,0
27787,0
27788,0
27789,0
27790,0
27791,0
27792,0
27793,0
27794,0
27795,0
27796,0
27797,1
27798,0
27799,0
27800,0
27801,0
27802,0
27803,0
27804,0
27805,0
27806,1
27807,0
27808,0
27809,0
27810,0
27811,1
27812,0
27813,0
27814,1
27815,0
27816,0
27817,0
27818,0
27819,0
27820,0
27821,0
27822,0
27823,0
27824,0
27825,0
27826,1
27827,0
27828,0
27829,0
27830,0
27831,0
27832,1
27833,1
27834,0
27835,0
27836,0
27837,0
27838,0
27839,1
27840,0
27841,1
27842,1
27843,0
27844,1
27845,0
27846,0
27847,0
27848,0
27849,0
27850,0
27851,0
27852,0
27853,0
27854,0
27855,0
27856,1
27857,1
27858,0
27859,0
27860,1
27861,0
27862,1
27863,1
27864,1
27865,0
27866,1
27867,0
27868,1
27869,0
27870,0
27871,0
27872,0
27873,1
27874,0
27875,0
27876,0
27877,1
27878,0
27879,1
27880,0
27881,0
27882,0
27883,0
27884,0
27885,1
27886,0
27887,0
27888,0
27889,0
27890,0
27891,0
27892,0
27893,0
27894,0
27895,0
27896,0
27897,0
27898,0
27899,0
27900,0
27901,0
27902,0
27903,0
27904,0
27905,0
27906,0
27907,0
27908,0
27909,1
27910,0
27911,0
27912,0
27913,0
27914,0
27915,1
27916,0
27917,1
27918,0
27919,0
27920,0
27921,0
27922,0
27923,0
27924,1
27925,0
27926,1
27927,1
27928,0
27929,0
27930,0
27931,0
27932,0
27933,0
27934,0
27935,0
27936,0
27937,0
27938,0
27939,0
27940,0
27941,0
27942,0
27943,1
27944,0
27945,0
27946,0
27947,0
27948,1
27949,1
27950,1
27951,0
27952,1
27953,0
27954,0
27955,1
27956,0
27957,0
27958,0
27959,0
27960,0
27961,0
27962,0
27963,0
27964,1
27965,0
27966,0
27967,0
27968,1
27969,0
27970,0
27971,1
27972,0
27973,1
27974,0
27975,0
27976,0
27977,1
27978,0
27979,0
27980,1
27981,1
27982,0
27983,0
27984,0
27985,0
27986,0
27987,0
27988,0
27989,0
27990,0
27991,0
27992,0
27993,0
27994,0
27995,1
27996,0
27997,0
27998,0
27999,0
28000,0
28001,0
28002,0
28003,0
28004,0
28005,0
28006,0
28007,0
28008,0
28009,0
28010,0
28011,0
28012,0
28013,0
28014,0
28015,0
28016,0
28017,0
28018,0
28019,0
28020,0
28021,0
28022,0
28023,0
28024,0
28025,0
28026,0
28027,0
28028,1
28029,0
28030,0
28031,0
28032,0
28033,0
28034,0
28035,0
28036,0
28037,0
28038,0
28039,0
28040,1
28041,0
28042,0
28043,0
28044,0
28045,0
28046,0
28047,0
28048,0
28049,0
28050,0
28051,1
28052,0
28053,0
28054,0
28055,1
28056,0
28057,0
28058,0
28059,1
28060,1
28061,0
28062,1
28063,1
28064,1
28065,0
28066,0
28067,0
28068,0
28069,0
28070,1
28071,0
28072,0
28073,1
28074,0
28075,0
28076,0
28077,1
28078,1
28079,0
28080,0
28081,0
28082,0
28083,1
28084,1
28085,0
28086,0
28087,0
28088,1
28089,1
28090,0
28091,0
28092,0
28093,0
28094,0
28095,0
28096,0
28097,0
28098,0
28099,1
28100,0
28101,0
28102,0
28103,0
28104,0
28105,0
28106,0
28107,0
28108,1
28109,0
28110,0
28111,0
28112,0
28113,0
28114,0
28115,0
28116,0
28117,1
28118,0
28119,0
28120,0
28121,0
28122,0
28123,0
28124,0
28125,0
28126,0
28127,1
28128,0
28129,0
28130,1
28131,0
28132,0
28133,0
28134,0
28135,0
28136,0
28137,1
28138,0
28139,0
28140,0
28141,0
28142,0
28143,0
28144,1
28145,0
28146,0
28147,0
28148,0
28149,0
28150,0
28151,0
28152,0
28153,0
28154,1
28155,0
28156,1
28157,0
28158,0
28159,0
28160,0
28161,1
28162,1
28163,0
28164,0
28165,1
28166,0
28167,0
28168,0
28169,0
28170,0
28171,0
28172,0
28173,1
28174,1
28175,0
28176,0
28177,0
28178,0
28179,1
28180,0
28181,0
28182,1
28183,0
28184,0
28185,0
28186,1
28187,0
28188,0
28189,0
28190,0
28191,0
28192,0
28193,0
28194,0
28195,0
28196,0
28197,0
28198,1
28199,0
28200,0
28201,1
28202,0
28203,1
28204,0
28205,1
28206,0
28207,0
28208,0
28209,0
28210,1
28211,0
28212,0
28213,0
28214,0
28215,1
28216,0
28217,0
28218,0
28219,0
28220,0
28221,0
28222,0
28223,0
28224,0
28225,1
28226,0
28227,0
28228,0
28229,0
28230,1
28231,0
28232,1
28233,0
28234,0
28235,1
28236,0
28237,0
28238,0
28239,0
28240,0
28241,0
28242,0
28243,0
28244,1
28245,1
28246,1
28247,0
28248,0
28249,0
28250,0
28251,0
28252,0
28253,0
28254,0
28255,0
28256,0
28257,1
28258,0
28259,0
28260,0
28261,0
28262,1
28263,0
28264,0
28265,1
28266,0
28267,1
28268,1
28269,0
28270,0
28271,0
28272,0
28273,1
28274,0
28275,0
28276,0
28277,0
28278,0
28279,0
28280,0
28281,0
28282,0
28283,0
28284,0
28285,0
28286,0
28287,1
28288,0
28289,1
28290,0
28291,0
28292,0
28293,0
28294,0
28295,1
28296,0
28297,0
28298,0
28299,0
28300,0
28301,1
28302,1
28303,0
28304,0
28305,0
28306,0
28307,0
28308,0
28309,0
28310,0
28311,0
28312,0
28313,0
28314,1
28315,0
28316,0
28317,0
28318,0
28319,1
28320,0
28321,0
28322,0
28323,0
28324,0
28325,0
28326,1
28327,0
28328,0
28329,0
28330,0
28331,0
28332,0
28333,0
28334,1
28335,0
28336,1
28337,0
28338,1
28339,0
28340,1
28341,0
28342,0
28343,1
28344,1
28345,0
28346,0
28347,1
28348,0
28349,1
28350,1
28351,0
28352,0
28353,0
28354,0
28355,1
28356,0
28357,0
28358,0
28359,0
28360,0
28361,0
28362,0
28363,1
28364,0
28365,0
28366,0
28367,0
28368,0
28369,0
28370,0
28371,0
28372,1
28373,0
28374,0
28375,0
28376,0
28377,0
28378,0
28379,0
28380,1
28381,0
28382,0
28383,0
28384,0
28385,0
28386,0
28387,0
28388,0
28389,0
28390,0
28391,0
28392,0
28393,0
28394,1
28395,0
28396,0
28397,0
28398,0
28399,0
28400,0
28401,0
28402,0
28403,0
28404,0
28405,0
28406,0
28407,0
28408,0
28409,0
28410,0
28411,0
28412,0
28413,0
28414,0
28415,0
28416,0
28417,0
28418,1
28419,0
28420,0
28421,0
28422,0
28423,0
28424,0
28425,0
28426,0
28427,0
28428,0
28429,0
28430,0
28431,0
28432,0
28433,0
28434,1
28435,0
28436,0
28437,0
28438,0
28439,1
28440,0
28441,0
28442,0
28443,0
28444,0
28445,0
28446,0
28447,1
28448,0
28449,0
28450,0
28451,0
28452,0
28453,1
28454,1
28455,1
28456,0
28457,0
28458,0
28459,0
28460,1
28461,0
28462,0
28463,0
28464,0
28465,0
28466,0
28467,0
28468,0
28469,0
28470,1
28471,1
28472,0
28473,0
28474,0
28475,0
28476,1
28477,0
28478,0
28479,0
28480,0
28481,0
28482,0
28483,0
28484,0
28485,0
28486,0
28487,0
28488,1
28489,0
28490,1
28491,0
28492,0
28493,0
28494,0
28495,0
28496,0
28497,0
28498,0
28499,0
28500,0
28501,0
28502,0
28503,0
28504,0
28505,0
28506,0
28507,0
28508,0
28509,0
28510,0
28511,0
28512,1
28513,0
28514,0
28515,0
28516,0
28517,0
28518,0
28519,0
28520,1
28521,0
28522,0
28523,1
28524,1
28525,0
28526,0
28527,0
28528,0
28529,0
28530,0
28531,0
28532,0
28533,0
28534,0
28535,0
28536,0
28537,1
28538,1
28539,0
28540,0
28541,0
28542,0
28543,0
28544,0
28545,0
28546,0
28547,0
28548,0
28549,0
28550,0
28551,1
28552,1
28553,0
28554,0
28555,0
28556,0
28557,0
28558,0
28559,0
28560,0
28561,0
28562,1
28563,1
28564,1
28565,0
28566,0
28567,0
28568,0
28569,0
28570,1
28571,0
28572,0
28573,0
28574,0
28575,0
28576,0
28577,0
28578,1
28579,1
28580,0
28581,0
28582,0
28583,0
28584,0
28585,0
28586,0
28587,0
28588,0
28589,0
28590,0
28591,0
28592,0
28593,0
28594,0
28595,1
28596,0
28597,0
28598,0
28599,0
28600,0
28601,0
28602,0
28603,0
28604,0
28605,0
28606,0
28607,1
28608,1
28609,0
28610,0
28611,0
28612,0
28613,0
28614,1
28615,0
28616,0
28617,1
28618,0
28619,0
28620,0
28621,0
28622,0
28623,1
28624,0
28625,0
28626,0
28627,1
28628,0
28629,1
28630,1
28631,0
28632,0
28633,0
28634,0
28635,0
28636,0
28637,1
28638,0
28639,0
28640,0
28641,0
28642,0
28643,0
28644,0
28645,0
28646,1
28647,0
28648,0
28649,0
28650,0
28651,1
28652,1
28653,1
28654,0
28655,0
28656,0
28657,0
28658,0
28659,1
28660,0
28661,0
28662,0
28663,0
28664,0
28665,0
28666,0
28667,0
28668,0
28669,0
28670,1
28671,0
28672,1
28673,0
28674,0
28675,0
28676,1
28677,0
28678,0
28679,0
28680,0
28681,1
28682,0
28683,0
28684,0
28685,0
28686,0
28687,0
28688,0
28689,0
28690,0
28691,1
28692,0
28693,0
28694,0
28695,0
28696,1
28697,0
28698,0
28699,1
28700,0
28701,0
28702,0
28703,1
28704,0
28705,0
28706,0
28707,0
28708,0
28709,0
28710,0
28711,0
28712,0
28713,0
28714,0
28715,0
28716,0
28717,0
28718,0
28719,0
28720,0
28721,0
28722,0
28723,0
28724,1
28725,0
28726,0
28727,0
28728,0
28729,1
28730,1
28731,1
28732,0
28733,0
28734,0
28735,0
28736,1
28737,0
28738,0
28739,1
28740,0
28741,0
28742,0
28743,0
28744,1
28745,0
28746,1
28747,1
28748,1
28749,1
28750,0
28751,0
28752,1
28753,0
28754,0
28755,0
28756,0
28757,0
28758,0
28759,0
28760,0
28761,0
28762,0
28763,0
28764,0
28765,0
28766,0
28767,0
28768,0
28769,0
28770,0
28771,0
28772,0
28773,0
28774,0
28775,0
28776,0
28777,1
28778,0
28779,1
28780,0
28781,0
28782,0
28783,0
28784,0
28785,0
28786,0
28787,0
28788,0
28789,0
28790,0
28791,1
28792,0
28793,1
28794,0
28795,0
28796,0
28797,0
28798,0
28799,0
28800,1
28801,0
28802,1
28803,0
28804,1
28805,0
28806,1
28807,0
28808,0
28809,0
28810,0
28811,0
28812,0
28813,0
28814,0
28815,1
28816,0
28817,0
28818,1
28819,0
28820,1
28821,0
28822,0
28823,0
28824,0
28825,0
28826,0
28827,0
28828,1
28829,0
28830,0
28831,1
28832,0
28833,1
28834,1
28835,0
28836,1
28837,0
28838,0
28839,0
28840,0
28841,0
28842,0
28843,0
28844,0
28845,0
28846,0
28847,0
28848,0
28849,0
28850,0
28851,1
28852,1
28853,0
28854,0
28855,0
28856,0
28857,0
28858,0
28859,0
28860,0
28861,0
28862,0
28863,0
28864,0
28865,0
28866,1
28867,1
28868,0
28869,1
28870,0
28871,0
28872,0
28873,0
28874,0
28875,0
28876,0
28877,0
28878,1
28879,0
28880,0
28881,1
28882,1
28883,0
28884,0
28885,0
28886,0
28887,0
28888,0
28889,0
28890,0
28891,1
28892,0
28893,0
28894,0
28895,0
28896,0
28897,1
28898,0
28899,1
28900,1
28901,1
28902,0
28903,1
28904,0
28905,0
28906,0
28907,0
28908,0
28909,0
28910,1
28911,1
28912,0
28913,1
28914,0
28915,0
28916,0
28917,0
28918,0
28919,0
28920,0
28921,0
28922,0
28923,0
28924,0
28925,0
28926,0
28927,1
28928,0
28929,1
28930,0
28931,0
28932,0
28933,0
28934,0
28935,0
28936,0
28937,0
28938,1
28939,0
28940,0
28941,1
28942,0
28943,0
28944,0
28945,1
28946,0
28947,1
28948,0
28949,0
28950,0
28951,0
28952,0
28953,1
28954,1
28955,0
28956,0
28957,0
28958,0
28959,0
28960,0
28961,0
28962,0
28963,0
28964,1
28965,0
28966,0
28967,0
28968,0
28969,0
28970,0
28971,1
28972,0
28973,0
28974,0
28975,0
28976,0
28977,0
28978,1
28979,1
28980,1
28981,1
28982,0
28983,0
28984,0
28985,0
28986,0
28987,0
28988,1
28989,0
28990,1
28991,0
28992,0
28993,0
28994,0
28995,0
28996,0
28997,0
28998,1
28999,0
29000,0
29001,0
29002,0
29003,1
29004,0
29005,1
29006,1
29007,1
29008,0
29009,0
29010,1
29011,0
29012,0
29013,0
29014,0
29015,0
29016,0
29017,0
29018,0
29019,0
29020,0
29021,0
29022,0
29023,0
29024,0
29025,0
29026,0
29027,0
29028,0
29029,0
29030,0
29031,1
29032,0
29033,1
29034,0
29035,0
29036,0
29037,0
29038,0
29039,0
29040,0
29041,0
29042,0
29043,0
29044,0
29045,0
29046,0
29047,1
29048,0
29049,0
29050,0
29051,0
29052,0
29053,0
29054,0
29055,0
29056,0
29057,1
29058,1
29059,0
29060,0
29061,1
29062,0
29063,0
29064,0
29065,0
29066,0
29067,0
29068,0
29069,0
29070,0
29071,0
29072,1
29073,0
29074,1
29075,0
29076,0
29077,0
29078,1
29079,0
29080,0
29081,1
29082,0
29083,0
29084,1
29085,0
29086,0
29087,0
29088,1
29089,1
29090,0
29091,0
29092,0
29093,0
29094,1
29095,0
29096,0
29097,0
29098,0
29099,0
29100,0
29101,0
29102,0
29103,0
29104,1
29105,0
29106,0
29107,0
29108,0
29109,0
29110,0
29111,0
29112,0
29113,1
29114,1
29115,0
29116,0
29117,0
29118,1
29119,0
29120,0
29121,0
29122,0
29123,0
29124,1
29125,0
29126,0
29127,0
29128,0
29129,0
29130,0
29131,0
29132,1
29133,0
29134,0
29135,0
29136,0
29137,1
29138,0
29139,1
29140,0
29141,0
29142,0
29143,0
29144,0
29145,1
29146,1
29147,0
29148,1
29149,0
29150,0
29151,0
29152,0
29153,0
29154,0
29155,0
29156,1
29157,0
29158,0
29159,0
29160,0
29161,0
29162,1
29163,0
29164,0
29165,0
29166,0
29167,0
29168,0
29169,0
29170,1
29171,0
29172,0
29173,0
29174,0
29175,0
29176,0
29177,1
29178,0
29179,0
29180,0
29181,0
29182,0
29183,1
29184,0
29185,0
29186,0
29187,0
29188,0
29189,1
29190,0
29191,0
29192,0
29193,0
29194,0
29195,0
29196,0
29197,0
29198,0
29199,0
29200,0
29201,0
29202,0
29203,0
29204,0
29205,0
29206,0
29207,0
29208,0
29209,1
29210,0
29211,0
29212,0
29213,0
29214,0
29215,0
29216,0
29217,0
29218,0
29219,0
29220,0
29221,0
29222,0
29223,0
29224,0
29225,0
29226,0
29227,0
29228,1
29229,1
29230,0
29231,1
29232,0
29233,0
29234,0
29235,0
29236,0
29237,1
29238,0
29239,0
29240,0
29241,0
29242,1
29243,1
29244,1
29245,0
29246,0
29247,0
29248,0
29249,1
29250,1
29251,0
29252,0
29253,0
29254,0
29255,1
29256,1
29257,0
29258,0
29259,0
29260,0
29261,0
29262,1
29263,0
29264,1
29265,1
29266,0
29267,1
29268,0
29269,0
29270,0
29271,0
29272,0
29273,0
29274,0
29275,1
29276,1
29277,1
29278,0
29279,0
29280,0
29281,0
29282,0
29283,0
29284,0
29285,0
29286,1
29287,0
29288,0
29289,0
29290,1
29291,0
29292,0
29293,1
29294,0
29295,0
29296,0
29297,1
29298,0
29299,0
29300,0
29301,0
29302,0
29303,0
29304,1
29305,0
29306,0
29307,0
29308,0
29309,0
29310,0
29311,0
29312,0
29313,0
29314,1
29315,0
29316,0
29317,0
29318,0
29319,0
29320,1
29321,0
29322,0
29323,0
29324,0
29325,0
29326,0
29327,0
29328,1
29329,1
29330,0
29331,0
29332,0
29333,0
29334,0
29335,0
29336,0
29337,0
29338,0
29339,0
29340,0
29341,0
29342,1
29343,0
29344,0
29345,0
29346,0
29347,0
29348,0
29349,0
29350,0
29351,0
29352,1
29353,1
29354,0
29355,0
29356,0
29357,1
29358,1
29359,0
29360,0
29361,0
29362,0
29363,0
29364,1
29365,0
29366,0
29367,0
29368,1
29369,1
29370,0
29371,0
29372,0
29373,0
29374,0
29375,0
29376,0
29377,0
29378,0
29379,0
29380,0
29381,0
29382,0
29383,0
29384,0
29385,1
29386,0
29387,0
29388,0
29389,0
29390,0
29391,0
29392,0
29393,0
29394,1
29395,0
29396,0
29397,0
29398,1
29399,0
29400,0
29401,0
29402,0
29403,0
29404,0
29405,0
29406,0
29407,1
29408,1
29409,0
29410,1
29411,0
29412,1
29413,0
29414,0
29415,0
29416,1
29417,1
29418,0
29419,0
29420,0
29421,0
29422,1
29423,0
29424,0
29425,0
29426,0
29427,1
29428,0
29429,1
29430,1
29431,0
29432,1
29433,0
29434,0
29435,0
29436,1
29437,0
29438,0
29439,0
29440,0
29441,1
29442,0
29443,0
29444,0
29445,0
29446,0
29447,1
29448,0
29449,0
29450,0
29451,1
29452,0
29453,1
29454,0
29455,0
29456,0
29457,0
29458,0
29459,0
29460,1
29461,1
29462,1
29463,0
29464,0
29465,1
29466,0
29467,0
29468,1
29469,0
29470,0
29471,0
29472,1
29473,0
29474,0
29475,0
29476,0
29477,0
29478,0
29479,0
29480,0
29481,0
29482,0
29483,0
29484,0
29485,1
29486,0
29487,0
29488,0
29489,0
29490,1
29491,0
29492,0
29493,0
29494,0
29495,0
29496,0
29497,0
29498,0
29499,0
29500,0
29501,0
29502,1
29503,0
29504,0
29505,1
29506,1
29507,0
29508,0
29509,0
29510,0
29511,1
29512,0
29513,0
29514,0
29515,0
29516,0
29517,0
29518,0
29519,0
29520,0
29521,0
29522,0
29523,0
29524,1
29525,1
29526,1
29527,1
29528,0
29529,0
29530,0
29531,0
29532,0
29533,0
29534,0
29535,0
29536,1
29537,0
29538,0
29539,0
29540,0
29541,0
29542,1
29543,0
29544,0
29545,1
29546,0
29547,0
29548,1
29549,1
29550,0
29551,0
29552,0
29553,0
29554,1
29555,0
29556,1
29557,0
29558,0
29559,1
29560,0
29561,1
29562,0
29563,0
29564,0
29565,1
29566,0
29567,0
29568,0
29569,0
29570,0
29571,0
29572,0
29573,0
29574,0
29575,0
29576,0
29577,0
29578,0
29579,1
29580,0
29581,0
29582,0
29583,0
29584,0
29585,0
29586,1
29587,0
29588,1
29589,0
29590,0
29591,0
29592,0
29593,1
29594,1
29595,0
29596,0
29597,0
29598,0
29599,0
29600,0
29601,0
29602,0
29603,0
29604,0
29605,0
29606,1
29607,0
29608,0
29609,1
29610,1
29611,0
29612,0
29613,0
29614,0
29615,0
29616,0
29617,0
29618,0
29619,0
29620,1
29621,0
29622,0
29623,1
29624,0
29625,0
29626,0
29627,1
29628,0
29629,0
29630,0
29631,0
29632,1
29633,0
29634,0
29635,0
29636,1
29637,1
29638,0
29639,1
29640,0
29641,0
29642,0
29643,1
29644,0
29645,0
29646,0
29647,0
29648,0
29649,0
29650,0
29651,0
29652,0
29653,0
29654,0
29655,0
29656,1
29657,0
29658,1
29659,0
29660,0
29661,0
29662,0
29663,1
29664,1
29665,1
29666,0
29667,0
29668,0
29669,0
29670,0
29671,0
29672,0
29673,0
29674,0
29675,0
29676,0
29677,0
29678,0
29679,0
29680,0
29681,0
29682,1
29683,0
29684,1
29685,0
29686,0
29687,0
29688,0
29689,0
29690,0
29691,0
29692,0
29693,0
29694,0
29695,0
29696,1
29697,0
29698,0
29699,0
29700,1
29701,0
29702,0
29703,0
29704,0
29705,0
29706,0
29707,0
29708,0
29709,0
29710,0
29711,0
29712,1
29713,0
29714,0
29715,0
29716,0
29717,0
29718,1
29719,1
29720,1
29721,0
29722,0
29723,1
29724,1
29725,0
29726,0
29727,0
29728,0
29729,0
29730,0
29731,0
29732,0
29733,0
29734,1
29735,0
29736,0
29737,0
29738,0
29739,0
29740,0
29741,0
29742,1
29743,1
29744,0
29745,1
29746,0
29747,0
29748,0
29749,0
29750,0
29751,0
29752,0
29753,0
29754,1
29755,0
29756,1
29757,0
29758,0
29759,0
29760,0
29761,0
29762,0
29763,0
29764,1
29765,0
29766,0
29767,0
29768,0
29769,0
29770,1
29771,0
29772,1
29773,1
29774,1
29775,1
29776,0
29777,1
29778,0
29779,0
29780,0
29781,1
29782,0
29783,0
29784,0
29785,0
29786,0
29787,1
29788,1
29789,0
29790,0
29791,1
29792,0
29793,0
29794,0
29795,0
29796,0
29797,0
29798,0
29799,0
29800,0
29801,0
29802,0
29803,1
29804,1
29805,0
29806,0
29807,1
29808,0
29809,1
29810,1
29811,0
29812,1
29813,0
29814,0
29815,0
29816,0
29817,0
29818,0
29819,0
29820,0
29821,1
29822,0
29823,0
29824,1
29825,0
29826,0
29827,1
29828,0
29829,0
29830,0
29831,1
29832,0
29833,0
29834,0
29835,1
29836,0
29837,0
29838,0
29839,0
29840,1
29841,1
29842,1
29843,0
29844,0
29845,0
29846,0
29847,0
29848,1
29849,0
29850,0
29851,0
29852,0
29853,1
29854,0
29855,1
29856,0
29857,0
29858,1
29859,0
29860,1
29861,1
29862,0
29863,0
29864,0
29865,0
29866,1
29867,0
29868,1
29869,0
29870,0
29871,0
29872,0
29873,1
29874,1
29875,0
29876,0
29877,0
29878,0
29879,0
29880,0
29881,0
29882,0
29883,0
29884,1
29885,0
29886,0
29887,0
29888,0
29889,0
29890,0
29891,0
29892,1
29893,1
29894,0
29895,0
29896,0
29897,0
29898,0
29899,0
29900,0
29901,1
29902,0
29903,0
29904,0
29905,0
29906,0
29907,0
29908,1
29909,0
29910,1
29911,0
29912,0
29913,0
29914,0
29915,0
29916,0
29917,0
29918,0
29919,1
29920,0
29921,0
29922,0
29923,0
29924,1
29925,0
29926,0
29927,0
29928,0
29929,0
29930,1
29931,0
29932,0
29933,0
29934,1
29935,1
29936,0
29937,0
29938,0
29939,0
29940,1
29941,0
29942,0
29943,0
29944,0
29945,1
29946,0
29947,0
29948,0
29949,0
29950,1
29951,0
29952,0
29953,1
29954,0
29955,1
29956,1
29957,0
29958,1
29959,1
29960,0
29961,0
29962,0
29963,0
29964,0
29965,0
29966,0
29967,0
29968,0
29969,0
29970,0
29971,0
29972,1
29973,0
29974,0
29975,0
29976,0
29977,1
29978,1
29979,0
29980,0
29981,0
29982,1
29983,0
29984,1
29985,0
29986,0
29987,1
29988,0
29989,0
29990,0
29991,0
29992,0
29993,0
29994,0
29995,0
29996,0
29997,1
29998,0
29999,0
30000,0
30001,0
30002,0
30003,0
30004,0
30005,0
30006,0
30007,1
30008,0
30009,0
30010,0
30011,1
30012,1
30013,1
30014,0
30015,1
30016,0
30017,0
30018,0
30019,0
30020,0
30021,0
30022,1
30023,0
30024,0
30025,1
30026,0
30027,0
30028,1
30029,0
30030,0
30031,0
30032,1
30033,0
30034,0
30035,1
30036,0
30037,1
30038,0
30039,0
30040,0
30041,0
30042,0
30043,0
30044,0
30045,1
30046,0
30047,1
30048,0
30049,0
30050,0
30051,0
30052,0
30053,0
30054,0
30055,0
30056,0
30057,0
30058,0
30059,1
30060,0
30061,0
30062,0
30063,0
30064,0
30065,0
30066,0
30067,0
30068,1
30069,0
30070,0
30071,0
30072,0
30073,1
30074,0
30075,0
30076,0
30077,1
30078,1
30079,0
30080,1
30081,0
30082,0
30083,0
30084,0
30085,0
30086,0
30087,0
30088,0
30089,0
30090,0
30091,1
30092,0
30093,0
30094,0
30095,0
30096,0
30097,0
30098,0
30099,0
30100,1
30101,0
30102,0
30103,0
30104,1
30105,1
30106,0
30107,1
30108,0
30109,0
30110,0
30111,1
30112,1
30113,0
30114,0
30115,0
30116,1
30117,0
30118,0
30119,1
30120,0
30121,0
30122,0
30123,0
30124,1
30125,0
30126,0
30127,0
30128,1
30129,1
30130,1
30131,0
30132,0
30133,0
30134,0
30135,0
30136,0
30137,0
30138,0
30139,0
30140,0
30141,0
30142,0
30143,0
30144,1
30145,0
30146,0
30147,0
30148,0
30149,0
30150,1
30151,0
30152,1
30153,1
30154,0
30155,1
30156,0
30157,0
30158,1
30159,0
30160,0
30161,0
30162,0
30163,0
30164,0
30165,0
30166,0
30167,0
30168,0
30169,0
30170,0
30171,0
30172,0
30173,0
30174,0
30175,0
30176,0
30177,0
30178,0
30179,0
30180,0
30181,0
30182,0
30183,1
30184,0
30185,0
30186,0
30187,0
30188,0
30189,1
30190,0
30191,0
30192,0
30193,1
30194,0
30195,0
30196,0
30197,0
30198,0
30199,0
30200,0
30201,0
30202,0
30203,0
30204,1
30205,0
30206,1
30207,0
30208,0
30209,0
30210,0
30211,0
30212,0
30213,1
30214,0
30215,0
30216,1
30217,1
30218,1
30219,0
30220,0
30221,0
30222,0
30223,0
30224,0
30225,0
30226,0
30227,0
30228,0
30229,0
30230,0
30231,0
30232,0
30233,0
30234,0
30235,1
30236,1
30237,0
30238,0
30239,0
30240,1
30241,0
30242,0
30243,0
30244,0
30245,1
30246,0
30247,1
30248,0
30249,1
30250,0
30251,0
30252,0
30253,0
30254,1
30255,1
30256,0
30257,0
30258,0
30259,1
30260,1
30261,0
30262,0
30263,0
30264,0
30265,0
30266,0
30267,1
30268,0
30269,0
30270,0
30271,0
30272,0
30273,0
30274,1
30275,0
30276,0
30277,0
30278,1
30279,0
30280,0
30281,0
30282,0
30283,0
30284,1
30285,1
30286,0
30287,0
30288,0
30289,0
30290,0
30291,1
30292,0
30293,0
30294,0
30295,0
30296,1
30297,0
30298,1
30299,0
30300,0
30301,0
30302,0
30303,0
30304,0
30305,0
30306,0
30307,0
30308,0
30309,0
30310,0
30311,0
30312,0
30313,0
30314,0
30315,1
30316,0
30317,0
30318,0
30319,0
30320,0
30321,1
30322,0
30323,0
30324,0
30325,0
30326,1
30327,1
30328,0
30329,0
30330,0
30331,0
30332,0
30333,0
30334,0
30335,0
30336,0
30337,0
30338,0
30339,1
30340,1
30341,0
30342,0
30343,1
30344,0
30345,0
30346,0
30347,0
30348,1
30349,1
30350,0
30351,0
30352,0
30353,1
30354,0
30355,0
30356,0
30357,0
30358,0
30359,0
30360,0
30361,0
30362,0
30363,0
30364,1
30365,0
30366,0
30367,0
30368,0
30369,0
30370,0
30371,0
30372,0
30373,0
30374,1
30375,0
30376,1
30377,0
30378,0
30379,0
30380,0
30381,0
30382,0
30383,0
30384,1
30385,0
30386,0
30387,0
30388,0
30389,0
30390,0
30391,0
30392,1
30393,0
30394,0
30395,0
30396,0
30397,0
30398,0
30399,0
30400,0
30401,1
30402,1
30403,0
30404,0
30405,0
30406,1
30407,0
30408,0
30409,0
30410,0
30411,0
30412,0
30413,0
30414,1
30415,1
30416,0
30417,0
30418,0
30419,0
30420,0
30421,1
30422,0
30423,1
30424,0
30425,0
30426,0
30427,1
30428,0
30429,1
30430,1
30431,1
30432,0
30433,0
30434,0
30435,0
30436,0
30437,0
30438,0
30439,0
30440,0
30441,0
30442,0
30443,0
30444,0
30445,0
30446,0
30447,0
30448,0
30449,1
30450,0
30451,0
30452,1
30453,0
30454,0
30455,0
30456,0
30457,0
30458,0
30459,0
30460,0
30461,0
30462,0
30463,1
30464,1
30465,0
30466,0
30467,0
30468,0
30469,0
30470,0
30471,0
30472,0
30473,0
30474,0
30475,0
30476,0
30477,1
30478,1
30479,0
30480,0
30481,0
30482,1
30483,1
30484,0
30485,1
30486,1
30487,0
30488,0
30489,0
30490,0
30491,1
30492,0
30493,0
30494,0
30495,0
30496,0
30497,1
30498,0
30499,0
30500,0
30501,0
30502,0
30503,0
30504,0
30505,0
30506,0
30507,1
30508,0
30509,0
30510,0
30511,0
30512,0
30513,0
30514,0
30515,0
30516,1
30517,0
30518,0
30519,0
30520,1
30521,0
30522,0
30523,0
30524,0
30525,0
30526,1
30527,0
30528,1
30529,1
30530,1
30531,0
30532,0
30533,0
30534,0
30535,0
30536,0
30537,1
30538,0
30539,0
30540,1
30541,0
30542,0
30543,0
30544,0
30545,0
30546,1
30547,1
30548,0
30549,0
30550,0
30551,0
30552,0
30553,0
30554,0
30555,0
30556,0
30557,1
30558,0
30559,0
30560,1
30561,0
30562,0
30563,0
30564,0
30565,1
30566,0
30567,1
30568,0
30569,0
30570,0
30571,0
30572,1
30573,0
30574,0
30575,0
30576,0
30577,0
30578,0
30579,0
30580,0
30581,0
30582,0
30583,0
30584,0
30585,0
30586,0
30587,0
30588,0
30589,0
30590,0
30591,0
30592,0
30593,0
30594,0
30595,0
30596,0
30597,1
30598,0
30599,0
30600,0
30601,0
30602,0
30603,0
30604,0
30605,0
30606,1
30607,1
30608,0
30609,0
30610,1
30611,0
30612,0
30613,0
30614,0
30615,0
30616,0
30617,0
30618,1
30619,0
30620,0
30621,0
30622,1
30623,0
30624,0
30625,0
30626,0
30627,1
30628,0
30629,1
30630,0
30631,1
30632,0
30633,1
30634,0
30635,0
30636,0
30637,0
30638,0
30639,0
30640,1
30641,0
30642,0
30643,0
30644,0
30645,0
30646,1
30647,1
30648,0
30649,0
30650,0
30651,0
30652,1
30653,0
30654,1
30655,0
30656,0
30657,0
30658,1
30659,0
30660,0
30661,0
30662,1
30663,0
30664,0
30665,0
30666,0
30667,0
30668,1
30669,0
30670,1
30671,0
30672,0
30673,1
30674,0
30675,0
30676,0
30677,0
30678,0
30679,0
30680,0
30681,0
30682,1
30683,0
30684,1
30685,0
30686,0
30687,0
30688,0
30689,0
30690,1
30691,1
30692,0
30693,0
30694,0
30695,0
30696,0
30697,0
30698,0
30699,0
30700,0
30701,1
30702,0
30703,0
30704,0
30705,0
30706,0
30707,0
30708,0
30709,0
30710,0
30711,0
30712,0
30713,0
30714,0
30715,0
30716,1
30717,0
30718,0
30719,0
30720,0
30721,0
30722,0
30723,0
30724,0
30725,0
30726,0
30727,1
30728,0
30729,0
30730,0
30731,1
30732,0
30733,0
30734,0
30735,0
30736,1
30737,1
30738,0
30739,0
30740,0
30741,1
30742,0
30743,0
30744,0
30745,0
30746,0
30747,0
30748,0
30749,1
30750,1
30751,0
30752,0
30753,1
30754,1
30755,0
30756,0
30757,0
30758,0
30759,1
30760,0
30761,0
30762,0
30763,0
30764,0
30765,0
30766,0
30767,0
30768,0
30769,1
30770,1
30771,0
30772,0
30773,0
30774,1
30775,0
30776,0
30777,0
30778,0
30779,0
30780,0
30781,0
30782,0
30783,0
30784,0
30785,0
30786,0
30787,0
30788,1
30789,1
30790,0
30791,0
30792,0
30793,1
30794,0
30795,0
30796,0
30797,0
30798,0
30799,0
30800,1
30801,0
30802,0
30803,0
30804,0
30805,0
30806,0
30807,0
30808,0
30809,0
30810,0
30811,0
30812,0
30813,0
30814,0
30815,0
30816,1
30817,0
30818,0
30819,0
30820,0
30821,0
30822,0
30823,0
30824,0
30825,0
30826,0
30827,0
30828,0
30829,0
30830,0
30831,0
30832,1
30833,0
30834,0
30835,0
30836,1
30837,0
30838,0
30839,0
30840,1
30841,0
30842,0
30843,0
30844,0
30845,0
30846,0
30847,1
30848,0
30849,0
30850,0
30851,0
30852,0
30853,1
30854,0
30855,0
30856,0
30857,0
30858,0
30859,1
30860,0
30861,0
30862,0
30863,0
30864,0
30865,1
30866,0
30867,0
30868,0
30869,0
30870,0
30871,0
30872,0
30873,0
30874,0
30875,0
30876,0
30877,0
30878,0
30879,0
30880,0
30881,0
30882,0
30883,0
30884,0
30885,1
30886,1
30887,0
30888,0
30889,1
30890,0
30891,1
30892,0
30893,0
30894,0
30895,0
30896,0
30897,0
30898,0
30899,0
30900,0
30901,0
30902,1
30903,0
30904,0
30905,0
30906,0
30907,0
30908,0
30909,0
30910,0
30911,1
30912,0
30913,0
30914,1
30915,0
30916,0
30917,0
30918,0
30919,1
30920,0
30921,0
30922,0
30923,1
30924,0
30925,0
30926,0
30927,0
30928,0
30929,0
30930,0
30931,0
30932,0
30933,0
30934,0
30935,0
30936,0
30937,0
30938,1
30939,0
30940,0
30941,0
30942,0
30943,0
30944,0
30945,0
30946,1
30947,0
30948,0
30949,1
30950,0
30951,0
30952,1
30953,0
30954,0
30955,1
30956,0
30957,0
30958,1
30959,0
30960,0
30961,0
30962,1
30963,0
30964,0
30965,0
30966,0
30967,0
30968,0
30969,0
30970,1
30971,0
30972,1
30973,0
30974,0
30975,0
30976,1
30977,0
30978,0
30979,0
30980,1
30981,1
30982,0
30983,0
30984,0
30985,0
30986,0
30987,0
30988,0
30989,0
30990,0
30991,0
30992,0
30993,0
30994,0
30995,0
30996,0
30997,0
30998,0
30999,0
31000,0
31001,1
31002,0
31003,0
31004,1
31005,0
31006,0
31007,1
31008,0
31009,1
31010,0
31011,0
31012,0
31013,0
31014,1
31015,0
31016,1
31017,1
31018,0
31019,0
31020,0
31021,1
31022,0
31023,0
31024,0
31025,0
31026,0
31027,0
31028,0
31029,1
31030,0
31031,0
31032,0
31033,0
31034,0
31035,0
31036,0
31037,0
31038,0
31039,0
31040,0
31041,0
31042,1
31043,1
31044,0
31045,0
31046,0
31047,1
31048,1
31049,0
31050,0
31051,0
31052,0
31053,0
31054,0
31055,1
31056,0
31057,1
31058,0
31059,0
31060,0
31061,1
31062,0
31063,0
31064,0
31065,0
31066,1
31067,0
31068,1
31069,0
31070,0
31071,0
31072,0
31073,1
31074,0
31075,0
31076,0
31077,1
31078,1
31079,0
31080,0
31081,1
31082,0
31083,1
31084,0
31085,0
31086,0
31087,1
31088,0
31089,0
31090,0
31091,0
31092,0
31093,0
31094,1
31095,0
31096,1
31097,1
31098,1
31099,0
31100,0
31101,0
31102,0
31103,0
31104,0
31105,1
31106,0
31107,1
31108,0
31109,0
31110,0
31111,0
31112,1
31113,0
31114,0
31115,0
31116,0
31117,0
31118,0
31119,0
31120,0
31121,1
31122,0
31123,0
31124,0
31125,0
31126,0
31127,0
31128,0
31129,0
31130,0
31131,1
31132,0
31133,0
31134,0
31135,0
31136,0
31137,1
31138,0
31139,0
31140,1
31141,0
31142,0
31143,0
31144,0
31145,1
31146,0
31147,0
31148,0
31149,1
31150,1
31151,0
31152,1
31153,0
31154,0
31155,0
31156,0
31157,0
31158,0
31159,0
31160,0
31161,0
31162,1
31163,1
31164,0
31165,1
31166,0
31167,0
31168,0
31169,0
31170,0
31171,0
31172,0
31173,0
31174,0
31175,0
31176,0
31177,0
31178,0
31179,0
31180,0
31181,0
31182,0
31183,0
31184,0
31185,0
31186,1
31187,0
31188,0
31189,1
31190,0
31191,0
31192,0
31193,0
31194,0
31195,0
31196,0
31197,0
31198,0
31199,1
31200,0
31201,0
31202,0
31203,0
31204,0
31205,0
31206,0
31207,1
31208,1
31209,0
31210,0
31211,0
31212,0
31213,0
31214,0
31215,0
31216,0
31217,1
31218,1
31219,0
31220,0
31221,0
31222,0
31223,0
31224,0
31225,1
31226,0
31227,1
31228,0
31229,0
31230,1
31231,0
31232,0
31233,1
31234,0
31235,0
31236,0
31237,0
31238,0
31239,0
31240,0
31241,0
31242,0
31243,0
31244,1
31245,0
31246,1
31247,0
31248,1
31249,0
31250,0
31251,0
31252,0
31253,1
31254,0
31255,1
31256,0
31257,1
31258,0
31259,0
31260,0
31261,0
31262,0
31263,0
31264,0
31265,0
31266,0
31267,1
31268,1
31269,1
31270,0
31271,0
31272,0
31273,1
31274,0
31275,0
31276,0
31277,0
31278,1
31279,0
31280,0
31281,1
31282,0
31283,1
31284,0
31285,0
31286,0
31287,1
31288,0
31289,1
31290,0
31291,1
31292,0
31293,0
31294,1
31295,0
31296,1
31297,0
31298,0
31299,0
31300,0
31301,0
31302,0
31303,1
31304,0
31305,0
31306,0
31307,1
31308,0
31309,0
31310,0
31311,0
31312,1
31313,0
31314,0
31315,0
31316,0
31317,0
31318,0
31319,0
31320,0
31321,0
31322,1
31323,0
31324,0
31325,0
31326,0
31327,0
31328,1
31329,0
31330,0
31331,0
31332,1
31333,0
31334,1
31335,0
31336,1
31337,1
31338,0
31339,1
31340,0
31341,0
31342,0
31343,0
31344,0
31345,0
31346,0
31347,1
31348,0
31349,0
31350,0
31351,0
31352,0
31353,1
31354,0
31355,0
31356,0
31357,0
31358,1
31359,0
31360,0
31361,0
31362,1
31363,0
31364,0
31365,0
31366,1
31367,0
31368,0
31369,0
31370,0
31371,1
31372,0
31373,0
31374,0
31375,0
31376,0
31377,0
31378,0
31379,0
31380,0
31381,1
31382,0
31383,0
31384,0
31385,0
31386,0
31387,0
31388,1
31389,1
31390,0
31391,1
31392,0
31393,0
31394,0
31395,0
31396,0
31397,0
31398,0
31399,1
31400,0
31401,0
31402,0
31403,0
31404,0
31405,0
31406,1
31407,1
31408,0
31409,0
31410,1
31411,0
31412,1
31413,0
31414,0
31415,0
31416,1
31417,0
31418,1
31419,1
31420,0
31421,1
31422,0
31423,0
31424,0
31425,0
31426,1
31427,0
31428,0
31429,0
31430,0
31431,1
31432,0
31433,0
31434,0
31435,1
31436,1
31437,0
31438,0
31439,0
31440,0
31441,0
31442,0
31443,1
31444,0
31445,0
31446,0
31447,0
31448,0
31449,1
31450,0
31451,1
31452,1
31453,1
31454,0
31455,1
31456,0
31457,1
31458,0
31459,0
31460,0
31461,0
31462,0
31463,0
31464,0
31465,0
31466,0
31467,0
31468,0
31469,1
31470,0
31471,0
31472,0
31473,0
31474,1
31475,0
31476,0
31477,0
31478,0
31479,0
31480,0
31481,0
31482,0
31483,0
31484,1
31485,0
31486,0
31487,1
31488,0
31489,1
31490,1
31491,0
31492,1
31493,0
31494,0
31495,0
31496,0
31497,1
31498,0
31499,0
31500,0
31501,0
31502,0
31503,0
31504,0
31505,0
31506,1
31507,0
31508,1
31509,0
31510,0
31511,1
31512,0
31513,0
31514,1
31515,0
31516,1
31517,1
31518,0
31519,0
31520,1
31521,0
31522,0
31523,0
31524,0
31525,0
31526,0
31527,0
31528,0
31529,0
31530,0
31531,0
31532,1
31533,0
31534,1
31535,1
31536,0
31537,0
31538,0
31539,0
31540,0
31541,0
31542,0
31543,0
31544,0
31545,0
31546,0
31547,0
31548,0
31549,1
31550,0
31551,0
31552,1
31553,0
31554,0
31555,1
31556,0
31557,0
31558,0
31559,0
31560,1
31561,0
31562,1
31563,0
31564,0
31565,0
31566,1
31567,0
31568,0
31569,0
31570,1
31571,0
31572,0
31573,0
31574,0
31575,0
31576,0
31577,0
31578,0
31579,1
31580,0
31581,1
31582,0
31583,0
31584,0
31585,0
31586,0
31587,0
31588,1
31589,0
31590,0
31591,0
31592,1
31593,1
31594,0
31595,0
31596,0
31597,1
31598,0
31599,0
31600,0
31601,0
31602,0
31603,0
31604,0
31605,0
31606,0
31607,0
31608,0
31609,1
31610,1
31611,0
31612,0
31613,0
31614,1
31615,1
31616,1
31617,0
31618,0
31619,1
31620,0
31621,0
31622,0
31623,0
31624,0
31625,0
31626,0
31627,0
31628,0
31629,1
31630,0
31631,0
31632,1
31633,0
31634,1
31635,0
31636,0
31637,1
31638,0
31639,0
31640,0
31641,0
31642,0
31643,0
31644,0
31645,0
31646,1
31647,0
31648,0
31649,0
31650,0
31651,0
31652,0
31653,1
31654,0
31655,1
31656,1
31657,0
31658,0
31659,0
31660,0
31661,0
31662,0
31663,0
31664,0
31665,0
31666,0
31667,0
31668,0
31669,0
31670,0
31671,1
31672,1
31673,0
31674,1
31675,1
31676,0
31677,0
31678,0
31679,0
31680,0
31681,0
31682,1
31683,0
31684,0
31685,1
31686,0
31687,0
31688,0
31689,1
31690,0
31691,1
31692,0
31693,0
31694,0
31695,0
31696,0
31697,0
31698,0
31699,0
31700,0
31701,0
31702,0
31703,0
31704,1
31705,0
31706,0
31707,0
31708,0
31709,0
31710,0
31711,0
31712,0
31713,0
31714,0
31715,0
31716,0
31717,0
31718,0
31719,0
31720,0
31721,0
31722,0
31723,0
31724,1
31725,0
31726,0
31727,1
31728,1
31729,0
31730,1
31731,0
31732,0
31733,1
31734,1
31735,0
31736,0
31737,0
31738,0
31739,0
31740,0
31741,0
31742,0
31743,1
31744,1
31745,1
31746,1
31747,0
31748,0
31749,0
31750,0
31751,1
31752,0
31753,1
31754,0
31755,0
31756,0
31757,0
31758,0
31759,0
31760,0
31761,0
31762,1
31763,0
31764,1
31765,1
31766,0
31767,0
31768,0
31769,0
31770,0
31771,0
31772,0
31773,0
31774,0
31775,0
31776,0
31777,1
31778,0
31779,0
31780,0
31781,0
31782,0
31783,0
31784,0
31785,0
31786,0
31787,1
31788,0
31789,1
31790,0
31791,0
31792,0
31793,0
31794,0
31795,0
31796,1
31797,0
31798,0
31799,0
31800,1
31801,0
31802,1
31803,1
31804,0
31805,0
31806,0
31807,0
31808,1
31809,0
31810,1
31811,0
31812,0
31813,0
31814,1
31815,0
31816,1
31817,1
31818,0
31819,0
31820,1
31821,0
31822,0
31823,0
31824,0
31825,0
31826,0
31827,1
31828,1
31829,1
31830,0
31831,1
31832,1
31833,0
31834,1
31835,0
31836,0
31837,0
31838,0
31839,0
31840,0
31841,0
31842,0
31843,1
31844,0
31845,0
31846,1
31847,0
31848,0
31849,1
31850,0
31851,0
31852,1
31853,0
31854,0
31855,0
31856,0
31857,0
31858,0
31859,0
31860,0
31861,0
31862,0
31863,0
31864,1
31865,0
31866,0
31867,0
31868,0
31869,0
31870,1
31871,0
31872,0
31873,1
31874,0
31875,0
31876,0
31877,0
31878,1
31879,1
31880,0
31881,0
31882,1
31883,0
31884,0
31885,1
31886,0
31887,1
31888,0
31889,0
31890,0
31891,0
31892,0
31893,0
31894,0
31895,1
31896,1
31897,0
31898,0
31899,1
31900,1
31901,0
31902,0
31903,0
31904,1
31905,0
31906,0
31907,1
31908,1
31909,0
31910,0
31911,0
31912,0
31913,0
31914,0
31915,0
31916,0
31917,0
31918,0
31919,0
31920,0
31921,0
31922,0
31923,0
31924,0
31925,0
31926,1
31927,0
31928,0
31929,0
31930,0
31931,0
31932,0
31933,0
31934,0
31935,0
31936,0
31937,1
31938,0
31939,1
31940,0
31941,0
31942,0
31943,0
31944,0
31945,0
31946,0
31947,1
31948,0
31949,0
31950,1
31951,1
31952,0
31953,1
31954,1
31955,0
31956,0
31957,0
31958,0
31959,0
31960,0
31961,1
31962,0
31963,0
31964,0
31965,0
31966,0
31967,1
31968,1
31969,1
31970,0
31971,0
31972,1
31973,1
31974,0
31975,1
31976,0
31977,0
31978,1
31979,0
31980,0
31981,0
31982,0
31983,0
31984,0
31985,0
31986,0
31987,1
31988,0
31989,0
31990,0
31991,1
31992,0
31993,0
31994,0
31995,0
31996,0
31997,0
31998,0
31999,0
32000,0
32001,0
32002,1
32003,0
32004,1
32005,0
32006,1
32007,0
32008,0
32009,0
32010,1
32011,0
32012,0
32013,1
32014,0
32015,0
32016,0
32017,0
32018,0
32019,0
32020,0
32021,0
32022,0
32023,0
32024,0
32025,0
32026,0
32027,0
32028,1
32029,1
32030,1
32031,0
32032,0
32033,1
32034,0
32035,0
32036,0
32037,0
32038,0
32039,1
32040,0
32041,1
32042,0
32043,0
32044,0
32045,0
32046,0
32047,1
32048,0
32049,0
32050,1
32051,0
32052,0
32053,1
32054,0
32055,0
32056,0
32057,0
32058,1
32059,0
32060,0
32061,0
32062,1
32063,0
32064,1
32065,1
32066,0
32067,0
32068,0
32069,0
32070,0
32071,0
32072,0
32073,0
32074,0
32075,1
32076,0
32077,1
32078,0
32079,0
32080,1
32081,0
32082,0
32083,1
32084,0
32085,0
32086,1
32087,0
32088,0
32089,0
32090,0
32091,1
32092,0
32093,1
32094,0
32095,0
32096,0
32097,0
32098,0
32099,1
32100,0
32101,0
32102,0
32103,0
32104,0
32105,0
32106,0
32107,0
32108,0
32109,0
32110,1
32111,0
32112,0
32113,1
32114,0
32115,1
32116,0
32117,0
32118,0
32119,0
32120,0
32121,0
32122,0
32123,0
32124,1
32125,0
32126,0
32127,0
32128,0
32129,0
32130,1
32131,1
32132,1
32133,0
32134,1
32135,0
32136,1
32137,0
32138,0
32139,1
32140,1
32141,0
32142,0
32143,0
32144,0
32145,0
32146,0
32147,0
32148,0
32149,1
32150,0
32151,1
32152,0
32153,0
32154,0
32155,0
32156,0
32157,1
32158,0
32159,0
32160,0
32161,0
32162,1
32163,1
32164,1
32165,1
32166,0
32167,0
32168,0
32169,0
32170,0
32171,0
32172,0
32173,1
32174,1
32175,0
32176,0
32177,0
32178,0
32179,0
32180,1
32181,0
32182,1
32183,0
32184,1
32185,0
32186,1
32187,0
32188,0
32189,0
32190,0
32191,0
32192,0
32193,0
32194,0
32195,0
32196,0
32197,0
32198,0
32199,1
32200,0
32201,0
32202,0
32203,0
32204,1
32205,0
32206,0
32207,0
32208,0
32209,0
32210,0
32211,0
32212,0
32213,0
32214,0
32215,0
32216,0
32217,1
32218,0
32219,0
32220,0
32221,0
32222,1
32223,1
32224,0
32225,0
32226,0
32227,0
32228,0
32229,1
32230,0
32231,1
32232,0
32233,0
32234,0
32235,0
32236,0
32237,0
32238,0
32239,1
32240,0
32241,0
32242,0
32243,0
32244,0
32245,0
32246,0
32247,0
32248,0
32249,0
32250,1
32251,1
32252,0
32253,1
32254,0
32255,0
32256,0
32257,0
32258,0
32259,1
32260,0
32261,1
32262,0
32263,0
32264,0
32265,0
32266,0
32267,1
32268,1
32269,0
32270,0
32271,0
32272,1
32273,0
32274,0
32275,0
32276,0
32277,0
32278,0
32279,0
32280,0
32281,0
32282,1
32283,0
32284,0
32285,0
32286,0
32287,0
32288,1
32289,0
32290,0
32291,0
32292,0
32293,0
32294,0
32295,1
32296,0
32297,0
32298,1
32299,0
32300,0
32301,1
32302,0
32303,1
32304,0
32305,0
32306,1
32307,0
32308,1
32309,1
32310,0
32311,0
32312,1
32313,0
32314,0
32315,0
32316,0
32317,0
32318,0
32319,1
32320,0
32321,0
32322,1
32323,0
32324,0
32325,0
32326,0
32327,1
32328,0
32329,0
32330,0
32331,0
32332,0
32333,0
32334,1
32335,0
32336,0
32337,0
32338,0
32339,0
32340,0
32341,1
32342,1
32343,0
32344,0
32345,0
32346,0
32347,0
32348,1
32349,1
32350,0
32351,0
32352,0
32353,0
32354,0
32355,0
32356,0
32357,0
32358,0
32359,1
32360,0
32361,0
32362,0
32363,0
32364,0
32365,1
32366,1
32367,0
32368,0
32369,0
32370,0
32371,1
32372,1
32373,1
32374,0
32375,0
32376,0
32377,0
32378,0
32379,0
32380,0
32381,0
32382,0
32383,0
32384,0
32385,0
32386,0
32387,1
32388,0
32389,0
32390,0
32391,0
32392,0
32393,0
32394,0
32395,0
32396,0
32397,0
32398,0
32399,0
32400,1
32401,1
32402,0
32403,0
32404,0
32405,0
32406,0
32407,0
32408,0
32409,0
32410,0
32411,0
32412,0
32413,0
32414,0
32415,0
32416,0
32417,1
32418,0
32419,0
32420,1
32421,0
32422,0
32423,0
32424,0
32425,1
32426,0
32427,0
32428,0
32429,1
32430,1
32431,0
32432,0
32433,0
32434,1
32435,0
32436,0
32437,1
32438,0
32439,0
32440,0
32441,0
32442,1
32443,0
32444,0
32445,0
32446,0
32447,0
32448,0
32449,0
32450,1
32451,0
32452,0
32453,0
32454,0
32455,0
32456,0
32457,0
32458,1
32459,1
32460,0
32461,0
32462,0
32463,1
32464,0
32465,1
32466,0
32467,1
32468,0
32469,0
32470,0
32471,1
32472,0
32473,1
32474,0
32475,0
32476,0
32477,0
32478,0
32479,0
32480,0
32481,1
32482,0
32483,0
32484,0
32485,0
32486,0
32487,0
32488,1
32489,0
32490,0
32491,0
32492,0
32493,0
32494,0
32495,0
32496,0
32497,0
32498,0
32499,0
32500,0
32501,0
32502,0
32503,1
32504,0
32505,0
32506,0
32507,0
32508,1
32509,0
32510,0
32511,0
32512,0
32513,0
32514,1
32515,0
32516,0
32517,0
32518,0
32519,1
32520,1
32521,0
32522,0
32523,0
32524,0
32525,0
32526,0
32527,0
32528,0
32529,0
32530,0
32531,1
32532,0
32533,1
32534,1
32535,0
32536,0
32537,0
32538,0
32539,1
32540,0
32541,0
32542,0
32543,0
32544,0
32545,0
32546,0
32547,0
32548,0
32549,0
32550,0
32551,0
32552,0
32553,1
32554,0
32555,1
32556,0
32557,1
32558,0
32559,0
32560,0
32561,1
